angle	angular_velocity	angular_acceleration
5.000000000000000000e-01	5.000000000000000000e-01	-4.854574834638810898e+00
5.024382063200382165e-01	4.757104454029456586e-01	-4.866847865760462355e+00
5.047548541384437870e-01	4.513551832840783096e-01	-4.879445452465461130e+00
5.069496276115122990e-01	4.269396796606110822e-01	-4.890955076858062966e+00
5.090222392451506650e-01	4.024693683984762460e-01	-4.901378919614558072e+00
5.109724285659071885e-01	3.779496685090750763e-01	-4.910719931436375418e+00
5.127999622498619070e-01	3.533859844944881590e-01	-4.918981013496534160e+00
5.145046340927469375e-01	3.287837062632709695e-01	-4.926165091712647381e+00
5.160862647594495201e-01	3.041482084328209767e-01	-4.932275517052943314e+00
5.175447011625500249e-01	2.794848486100096618e-01	-4.937315360446177692e+00
5.188798175105513444e-01	2.547989702912671350e-01	-4.941287512749340749e+00
5.200915149884145494e-01	2.300959019787369442e-01	-4.944194996255205865e+00
5.211797211307495070e-01	2.053809560737759332e-01	-4.946041373279612685e+00
5.221443891141044347e-01	1.806594276755800477e-01	-4.946829673045783693e+00
5.229854993988669598e-01	1.559365973683938256e-01	-4.946562933025447251e+00
5.237030591151524694e-01	1.312177301790252437e-01	-4.945244278335536592e+00
5.242971011925385838e-01	1.065080751043504248e-01	-4.942877022540429266e+00
5.247676841118962265e-01	8.181286498480888625e-02	-4.939464251933877392e+00
5.251148933205249669e-01	5.713731722577097827e-02	-4.935009106506118570e+00
5.253388406059026350e-01	3.248663348097313025e-02	-4.929514731805973327e+00
5.254396629861590728e-01	7.865999901035002073e-03	-4.922984192793428804e+00
5.254175230712448963e-01	-1.671941294806977840e-02	-4.915420666094490798e+00
5.252726100188352953e-01	-4.126445030079611831e-02	-4.906827291568685467e+00
5.250051389788599199e-01	-6.576397305417813755e-02	-4.897207160120856884e+00
5.246153493515341992e-01	-9.021285688533584035e-02	-4.886563185455848668e+00
5.241035063848313857e-01	-1.146059930607651739e-01	-4.874898623931649411e+00
5.234699017445626490e-01	-1.389382887251447429e-01	-4.862216590420231910e+00
5.227148529007896727e-01	-1.632046665904884342e-01	-4.848520199789703611e+00
5.218387031278249877e-01	-1.874000649361451665e-01	-4.833812566431021196e+00
5.208418198143823785e-01	-2.115194371641643256e-01	-4.818096578956968301e+00
5.197245933633044546e-01	-2.355577515097915242e-01	-4.801375406746089425e+00
5.184874415400733128e-01	-2.595099921856517389e-01	-4.783652174401652246e+00
5.171308075352730738e-01	-2.833711588719434737e-01	-4.764929974212549268e+00
5.156551599148651022e-01	-3.071362667033545879e-01	-4.745211898467516676e+00
5.140609921069695387e-01	-3.308003466201390741e-01	-4.724501342397360304e+00
5.123488192981382472e-01	-3.543584474912748750e-01	-4.702801662742587041e+00
5.105191830880994042e-01	-3.778056329303056127e-01	-4.680115771575486860e+00
5.085726505089160909e-01	-4.011369819663014868e-01	-4.656446817774138935e+00
5.065098135545920144e-01	-4.243475893656409315e-01	-4.631797950216423487e+00
5.043312891435082213e-01	-4.474325657176727034e-01	-4.606172596116124396e+00
5.020377160591457111e-01	-4.703870444113184002e-01	-4.579575943304831753e+00
4.996297572770015960e-01	-4.932061763286003098e-01	-4.552010115075717067e+00
4.971081016144477394e-01	-5.158851260821826212e-01	-4.523478447383524781e+00
4.944734624179678018e-01	-5.384190750090928068e-01	-4.493984286606064416e+00
4.917265775631571301e-01	-5.608032211707217884e-01	-4.463530979121344444e+00
4.888682082465486967e-01	-5.830327842670235405e-01	-4.432124638873290223e+00
4.858991371912470547e-01	-6.051030129350271070e-01	-4.399768813626337760e+00
4.828201724752722579e-01	-6.270091691772007314e-01	-4.366466830331432902e+00
4.796321461508992190e-01	-6.487465339772341411e-01	-4.332222549798473210e+00
4.763359135826059076e-01	-6.703104115271568686e-01	-4.297041940657038595e+00
4.729323527755688872e-01	-6.916961337178793023e-01	-4.260928839880875785e+00
4.694223659958243755e-01	-7.128990493047140387e-01	-4.223887155197360244e+00
4.658068791545096343e-01	-7.339145280251311299e-01	-4.185921128003087688e+00
4.620868406837311815e-01	-7.547379679673620334e-01	-4.147038679161653363e+00
4.582632206054262913e-01	-7.753648016713571289e-01	-4.107243741279773985e+00
4.543370131737325401e-01	-7.957904788155975018e-01	-4.066540719222587086e+00
4.503092358200602163e-01	-8.160104731291333291e-01	-4.024934500230415324e+00
4.461809277994723266e-01	-8.360202920869285181e-01	-3.982434535411528032e+00
4.419531494243458813e-01	-8.558154824076399381e-01	-3.939045037540779504e+00
4.376269848075023949e-01	-8.753916103741684607e-01	-3.894771167833198433e+00
4.332035407137560523e-01	-8.947442700727491482e-01	-3.849618594805235716e+00
4.286839451058054307e-01	-9.138690942099850778e-01	-3.803597861404568903e+00
4.240693463810276675e-01	-9.327617597924406923e-01	-3.756714278530353113e+00
4.193609158672406134e-01	-9.514179695537811066e-01	-3.708974165903896392e+00
4.145598463848171877e-01	-9.698334625979807555e-01	-3.660386388909728339e+00
4.096673506770638906e-01	-9.880040258780584672e-01	-3.610959019307813378e+00
4.046846635475673803e-01	-1.005925478566615405e+00	-3.560698638919745918e+00
3.996130411760616674e-01	-1.023593677053107776e+00	-3.509614036375182877e+00
3.944537586838051668e-01	-1.041004532666550020e+00	-3.457716249386521667e+00
3.892081121427012902e-01	-1.058153997053234763e+00	-3.405011993811967841e+00
3.838774188031073287e-01	-1.075038060517385707e+00	-3.351509918434203428e+00
3.784630147362108010e-01	-1.091652768552886510e+00	-3.297223315076280414e+00
3.729662550937506982e-01	-1.107994220036618405e+00	-3.242159701928585491e+00
3.673885159312313964e-01	-1.124058554545910082e+00	-3.186328324677560886e+00
3.617311924941947199e-01	-1.139841963998424745e+00	-3.129743200116649859e+00
3.559956961814340071e-01	-1.155340712780933643e+00	-3.072413096527725429e+00
3.501834600012661003e-01	-1.170551101583427567e+00	-3.014349087639288882e+00
3.442959351130934209e-01	-1.185469490137884829e+00	-2.955563587302208362e+00
3.383345885145345733e-01	-1.200092311167752834e+00	-2.896070308849289177e+00
3.323009061013040277e-01	-1.214416051573800059e+00	-2.835879737492405184e+00
3.261963918030026943e-01	-1.228437257888191914e+00	-2.775004542900660454e+00
3.200225667950711284e-01	-1.242152541251374087e+00	-2.713457935767905838e+00
3.137809685188543973e-01	-1.255558581058348944e+00	-2.651254003593749076e+00
3.074731503782711095e-01	-1.268652127355184733e+00	-2.588406899468509437e+00
3.011006818141039321e-01	-1.281430002538014090e+00	-2.524931455817522874e+00
2.946651476017381754e-01	-1.293889104486413588e+00	-2.460843040214285793e+00
2.881681478541813779e-01	-1.306026404949240938e+00	-2.396154662070557606e+00
2.816112990589927922e-01	-1.317838937889584727e+00	-2.330881008105279761e+00
2.749962316464016343e-01	-1.329323821517303328e+00	-2.265038820920040052e+00
2.683245902209645539e-01	-1.340478254454430029e+00	-2.198644177785695319e+00
2.615980332937107855e-01	-1.351299516542770585e+00	-2.131713431694834071e+00
2.548182324070097926e-01	-1.361784969071322182e+00	-2.064262971277912584e+00
2.479868721179024904e-01	-1.371932057653004078e+00	-1.996310049816315768e+00
2.411056497745612814e-01	-1.381738314462961359e+00	-1.927872078527002486e+00
2.341762749994546478e-01	-1.391201359571728746e+00	-1.858966820049317903e+00
2.272004689593525306e-01	-1.400318901889998635e+00	-1.789611945847696006e+00
2.201799635146174938e-01	-1.409088739833654680e+00	-1.719825866875339671e+00
2.131165017336769385e-01	-1.417508765152376560e+00	-1.649627320625995708e+00
2.060118371224145539e-01	-1.425576963780292195e+00	-1.579035312762243848e+00
1.988677331229506129e-01	-1.433291417200970530e+00	-1.508068895673318366e+00
1.916859619562167327e-01	-1.440650301218735496e+00	-1.436747177164193090e+00
1.844683049036125455e-01	-1.447651890369965555e+00	-1.365090226683491892e+00
1.772165518249621541e-01	-1.454294559341333004e+00	-1.293118145255448326e+00
1.699325005883122464e-01	-1.460576784042535436e+00	-1.220851289712982179e+00
1.626179561053701095e-01	-1.466497139816073325e+00	-1.148309024369837061e+00
1.552747298767050976e-01	-1.472054302961472327e+00	-1.075512684815862485e+00
1.479046401770340857e-01	-1.477247056421289395e+00	-1.002483367912645917e+00
1.405095112407056535e-01	-1.482074288966477305e+00	-9.292423861925271922e-01
1.330911727836691372e-01	-1.486534996569552680e+00	-8.558113270452167853e-01
1.256514591027550476e-01	-1.490628280127903160e+00	-7.822099459754099371e-01
1.181922078880072863e-01	-1.494353340709440259e+00	-7.084601240292158764e-01
1.107152611480234361e-01	-1.497709493042993500e+00	-6.345841981204785043e-01
1.032224641616614758e-01	-1.500696161967390196e+00	-5.606042468124314837e-01
9.571566493011807175e-02	-1.503312883200990102e+00	-4.865425633130371352e-01
8.819671353796076918e-02	-1.505559302513272524e+00	-4.124201075253495219e-01
8.066746094921012356e-02	-1.507435166383097824e+00	-3.382581681421470421e-01
7.312975940722769852e-02	-1.508940336824979855e+00	-2.640800441450892322e-01
6.558546169566668860e-02	-1.510074789052522792e+00	-1.899082120646653493e-01
5.803642052119432904e-02	-1.510838610976861673e+00	-1.157652946685630013e-01
5.048448795416340951e-02	-1.511232003292950710e+00	-4.167314067967708979e-02
4.293151443759322949e-02	-1.511255267891651766e+00	3.234805833585596702e-02
3.537934866964637104e-02	-1.510908819893751920e+00	1.062744099817791721e-01
2.782983710623991233e-02	-1.510193189411282111e+00	1.800834564439810492e-01
2.028482330306218689e-02	-1.509109018965884452e+00	2.537526714583009380e-01
1.274614736544598184e-02	-1.507657063800852182e+00	3.272597313000460417e-01
5.215645309465517104e-03	-1.505838181832154232e+00	4.005856002776226887e-01
-2.304851457754344968e-03	-1.503653337512646404e+00	4.737065124207902045e-01
-9.813516616167052703e-03	-1.501103610546884237e+00	5.466003739206826140e-01
-1.730852953013832865e-02	-1.498190190693650559e+00	6.192451708502630936e-01
-2.478807580183089998e-02	-1.494914377697756036e+00	6.916199870712489428e-01
-3.225034770367938425e-02	-1.491277574252765525e+00	7.637026228815102513e-01
-3.969354469184416256e-02	-1.487281283631249007e+00	8.354747898491723390e-01
-4.711587410446833879e-02	-1.482927117966802433e+00	9.069132664338894756e-01
-5.451555170410116169e-02	-1.478216797554063655e+00	9.779970149726295858e-01
-6.189080217746440599e-02	-1.473152147690023339e+00	1.048705056125299961e+00
-6.923985955824810135e-02	-1.467735095609425500e+00	1.119018440483614540e+00
-7.656096729270145396e-02	-1.461967659622989357e+00	1.188917564061853227e+00
-8.385237947150651905e-02	-1.455851963503936419e+00	1.258381619112469707e+00
-9.111236114021964427e-02	-1.449390230838873084e+00	1.327390957652482939e+00
-9.833918876496576533e-02	-1.442584782697030388e+00	1.395926221807712864e+00
-1.055311507379739222e-01	-1.435438036114568661e+00	1.463968370146858433e+00
-1.126865477178746744e-01	-1.427952502284420389e+00	1.531498810420657719e+00
-1.198036926697434307e-01	-1.420130784315480232e+00	1.598499256483592035e+00
-1.268809120761562048e-01	-1.411975576045303882e+00	1.664951775767349318e+00
-1.339165461524645662e-01	-1.403489659720524640e+00	1.730838901955507936e+00
-1.409089492645820563e-01	-1.394675903753788582e+00	1.796143624281739903e+00
-1.478564903735648250e-01	-1.385537260379948954e+00	1.860849414373205946e+00
-1.547575534093068028e-01	-1.376076766997942125e+00	1.924937915852865444e+00
-1.616105375494109597e-01	-1.366297552614893496e+00	1.988392667158336735e+00
-1.684138578592760671e-01	-1.356202822405171426e+00	2.051198179405218980e+00
-1.751659456150589378e-01	-1.345795860526928900e+00	2.113338739755931783e+00
-1.818652486882811059e-01	-1.335080028781483019e+00	2.174798991813190696e+00
-1.885102319422535533e-01	-1.324058763351871448e+00	2.235564727169730759e+00
-1.950993776239572652e-01	-1.312735571103183618e+00	2.295621435932048371e+00
-2.016311857026805432e-01	-1.301114031036490148e+00	2.354955090209045920e+00
-2.081041742443651421e-01	-1.289197790682616196e+00	2.413552211740011444e+00
-2.145168797663191962e-01	-1.276990563790328714e+00	2.471399757173230682e+00
-2.208678574447547061e-01	-1.264496130678303576e+00	2.528483965669579447e+00
-2.271556813843213785e-01	-1.251718337181571883e+00	2.584792781574833498e+00
-2.333789451451174224e-01	-1.238661088424238388e+00	2.640314242701947478e+00
-2.395362619451624209e-01	-1.225328348637771736e+00	2.695036726876537614e+00
-2.456262649493830830e-01	-1.211724139102876574e+00	2.748949019790188686e+00
-2.516476075788445232e-01	-1.197852536382987498e+00	2.802040215892020569e+00
-2.575989637781698760e-01	-1.183717670199659677e+00	2.854299960170010309e+00
-2.634790282520509397e-01	-1.169323721066075850e+00	2.905718271766659200e+00
-2.692865167326774500e-01	-1.154674918337595058e+00	2.956285588688501775e+00
-2.750201662228426991e-01	-1.139775538124745857e+00	3.005992706500592249e+00
-2.806787351772587202e-01	-1.124629902743278898e+00	3.054830434661084837e+00
-2.862610037494365267e-01	-1.109242377914761102e+00	3.102790543188234551e+00
-2.917657740263996935e-01	-1.093617370028814983e+00	3.149864993260621304e+00
-2.971918702110741828e-01	-1.077759324660942708e+00	3.196046142914610755e+00
-3.025381388130991556e-01	-1.061672724635839948e+00	3.241326670218768413e+00
-3.078034488651362199e-01	-1.045362089216847368e+00	3.285699435293963688e+00
-3.129866920674161390e-01	-1.028831971351515717e+00	3.329158008498097843e+00
-3.180867829428097870e-01	-1.012086955570680402e+00	3.371696202840496426e+00
-3.231026589979756891e-01	-9.951316564005738829e-01	3.413308201315032875e+00
-3.280332808689519486e-01	-9.779707166029895093e-01	3.453988437140196766e+00
-3.328776324964511368e-01	-9.606088066415839899e-01	3.493731588161267609e+00
-3.376347212108788409e-01	-9.430506216865567337e-01	3.532532925306270499e+00
-3.423035778542906082e-01	-9.253008800678645951e-01	3.570387954752504811e+00
-3.468832568928057469e-01	-9.073643217482908474e-01	3.607292512669914686e+00
-3.513728365455592306e-01	-8.892457069930559399e-01	3.643242497262519919e+00
-3.557714190494012385e-01	-8.709498165390721081e-01	3.678234185893870745e+00
-3.600781304664340543e-01	-8.524814472259947262e-01	3.712264526639955875e+00
-3.642921208277506984e-01	-8.338454111716848693e-01	3.745330555748637380e+00
-3.684125642276310786e-01	-8.150465345643973514e-01	3.777429605087320397e+00
-3.724386588808720200e-01	-7.960896562023117573e-01	3.808559295268651113e+00
-3.763696271714024322e-01	-7.769796260686118172e-01	3.838717528298673187e+00
-3.802047156922708782e-01	-7.577213039445036546e-01	3.867902479746362587e+00
-3.839431952770966938e-01	-7.383195580625583343e-01	3.896112590437098788e+00
-3.875843610230723657e-01	-7.187792638027684644e-01	3.923346547315190946e+00
-3.911275326678950726e-01	-6.991053049414501785e-01	3.949602090403516286e+00
-3.945720547730782735e-01	-6.793025736646481905e-01	3.974878629073657521e+00
-3.979172960090062161e-01	-6.593759644703390821e-01	3.999175413676084645e+00
-4.011626495362157763e-01	-6.393303757669560605e-01	4.022491735065329976e+00
-4.043075330331412642e-01	-6.191707091347867786e-01	4.044827029952330122e+00
-4.073513887154476820e-01	-5.989018686409607328e-01	4.066180863184229111e+00
-4.102936833520204329e-01	-5.785287602448809796e-01	4.086552909271063072e+00
-4.131339082473642343e-01	-5.580562904361711096e-01	4.105943819040192011e+00
-4.158715789472102742e-01	-5.374893572379292328e-01	4.124355078377220707e+00
-4.185062355284234759e-01	-5.168328578700506215e-01	4.141786550923427512e+00
-4.210374425459734171e-01	-4.960916869025637221e-01	4.158239143681413452e+00
-4.234647889517434982e-01	-4.752707337773059426e-01	4.173714003201070000e+00
-4.257878880524231802e-01	-4.543748815910956806e-01	4.188212523625253425e+00
-4.280063775773473300e-01	-4.334090088824988918e-01	4.201734493206060961e+00
-4.301199199181883759e-01	-4.123779960305021808e-01	4.214280753699142679e+00
-4.321282017438472511e-01	-3.912867155057730972e-01	4.225852554643211079e+00
-4.340309341247073904e-01	-3.701400355180021751e-01	4.236450629311889315e+00
-4.358278525492514932e-01	-3.489428209700600192e-01	4.246075809305807525e+00
-4.375187166345563816e-01	-3.276999240248282264e-01	4.254732372082514757e+00
-4.391033100501450237e-01	-3.064161820718113161e-01	4.262421598546154655e+00
-4.405814406459520050e-01	-2.850964227630575776e-01	4.269146383751035501e+00
-4.419529402533432516e-01	-2.637454579833948820e-01	4.274909381453028345e+00
-4.432176649334933494e-01	-2.423680983939874301e-01	4.279709349027967846e+00
-4.443754948800962556e-01	-2.209691515235198966e-01	4.283548219137074398e+00
-4.454263343395503671e-01	-1.995534210033693967e-01	4.286426107576275513e+00
-4.463701114284179816e-01	-1.781256943367738876e-01	4.288349808215286885e+00
-4.472067780096966039e-01	-1.566907358461127053e-01	4.289320687179525748e+00
-4.479363098365116147e-01	-1.352532982528789340e-01	4.289342700338153236e+00
-4.485587064026981263e-01	-1.138181214134249553e-01	4.288415527727153176e+00
-4.490739908908290556e-01	-9.238994547453299733e-02	4.286541784046761450e+00
-4.494822100346188010e-01	-7.097349460596616422e-02	4.283723676612233078e+00
-4.497834340914648732e-01	-4.957348208092923758e-02	4.279964453296784654e+00
-4.499777569831810986e-01	-2.819460157274907008e-02	4.275267303338667446e+00
-4.500652960805610059e-01	-6.841535129962720424e-03	4.269634720402159189e+00
-4.500461921992354730e-01	1.448104943219219454e-02	4.263069433118505280e+00
-4.499206092863374806e-01	3.576849636919635089e-02	4.255573928637970127e+00
-4.496887345167010497e-01	5.701616437531850656e-02	4.247151211288976214e+00
-4.493507781827082437e-01	7.821942661562056309e-02	4.237804184872267399e+00
-4.489069737476569233e-01	9.937367146032916043e-02	4.227535965514178429e+00
-4.483575777091575731e-01	1.204743024780602079e-01	4.216349562506550797e+00
-4.477028695042321038e-01	1.415167386351816603e-01	4.204248109513002873e+00
-4.469431514017087603e-01	1.624964144601149518e-01	4.191234703602788159e+00
-4.460787484189107088e-01	1.834087803245555148e-01	4.177312594491695563e+00
-4.451100082781208611e-01	2.042493029175734554e-01	4.162485059436264123e+00
-4.440373013174491179e-01	2.250134655682456408e-01	4.146755492261988252e+00
-4.428610204249778248e-01	2.456967687053105420e-01	4.130127321288313169e+00
-4.415815809286294247e-01	2.662947300555420505e-01	4.112604055568311878e+00
-4.401994205094740820e-01	2.868028850196535084e-01	4.094189241136291457e+00
-4.387149990932615595e-01	3.072167869366353443e-01	4.074886546172848512e+00
-4.371287988044553208e-01	3.275320077846682332e-01	4.054699735151814366e+00
-4.354413238641316464e-01	3.477441385474263624e-01	4.033632657637866714e+00
-4.336531005009697237e-01	3.678487896965381698e-01	4.011689263749957490e+00
-4.317646768191064632e-01	3.878415914452412738e-01	3.988873460621874756e+00
-4.297766226353036956e-01	4.077181938478049439e-01	3.965189380004403574e+00
-4.276895295079901627e-01	4.274742680857201993e-01	3.940641269123375423e+00
-4.255040105898135749e-01	4.471055067211358591e-01	3.915233458125527477e+00
-4.232207005231471419e-01	4.666076242397498297e-01	3.888970391022922968e+00
-4.208402552995438306e-01	4.859763575713045847e-01	3.861856597148573655e+00
-4.183633520998108479e-01	5.052074666032779771e-01	3.833896755225310926e+00
-4.157906892808478361e-01	5.242967349544520594e-01	3.805095668639353335e+00
-4.131229862214754189e-01	5.432399705464719952e-01	3.775458264335156855e+00
-4.103609832024942561e-01	5.620330062546778915e-01	3.744989602159591868e+00
-4.075054412536386894e-01	5.806717007335893133e-01	3.713694960223335784e+00
-4.045571419889522624e-01	5.991519393068619470e-01	3.681579688027738939e+00
-4.015168875570132578e-01	6.174696343343910598e-01	3.648649290922435284e+00
-3.983855004752858697e-01	6.356207261283907117e-01	3.614909441418319602e+00
-3.951638234922709714e-01	6.536011837510110611e-01	3.580365973203015528e+00
-3.918527194130476121e-01	6.714070059647790911e-01	3.545024955460121419e+00
-3.884530709182965058e-01	6.890342222210176226e-01	3.508892564921666235e+00
-3.849657804928529048e-01	7.064788932401075972e-01	3.471975166051720407e+00
-3.813917702386228070e-01	7.237371120492330778e-01	3.434279317007906229e+00
-3.777319817153267367e-01	7.408050049260710423e-01	3.395811766857434577e+00
-3.739873757396140475e-01	7.576787324021608816e-01	3.356579479158483537e+00
-3.701589321832241541e-01	7.743544902900345583e-01	3.316589601332168513e+00
-3.662476498797183622e-01	7.908285106309648205e-01	3.275849491408166614e+00
-3.622545464110849545e-01	8.070970627786816509e-01	3.234366722402455707e+00
-3.581806579234661503e-01	8.231564544785126003e-01	3.192149085456833291e+00
-3.540270388984551597e-01	8.390030328958968386e-01	3.149204558395069853e+00
-3.497947619294420329e-01	8.546331856886683065e-01	3.105541384482705780e+00
-3.454849175978303988e-01	8.700433423007558620e-01	3.061168031614101892e+00
-3.410986142323312320e-01	8.852299750711890569e-01	3.016093201443993621e+00
-3.366369776964402982e-01	9.001896004302427645e-01	2.970325835450125851e+00
-3.321011511127843208e-01	9.149187798074108757e-01	2.923874980900677656e+00
-3.274922946239255395e-01	9.294141207850326047e-01	2.876750113119896923e+00
-3.228115852681608389e-01	9.436722789172815595e-01	2.828960913424282353e+00
-3.180602166923749419e-01	9.576899587290015337e-01	2.780517309202195975e+00
-3.132393989112929322e-01	9.714639150132807766e-01	2.731429490272091698e+00
-3.083503580620895468e-01	9.849909541549599634e-01	2.681707913664979515e+00
-3.033943361443345310e-01	9.982679354019886597e-01	2.631363182752068042e+00
-2.983725905231522368e-01	1.011291770331529172e+00	2.580405857888422361e+00
-2.932863938864749831e-01	1.024059425963459002e+00	2.528847389107227173e+00
-2.881370340119194240e-01	1.036567926434883491e+00	2.476699232290570762e+00
-2.829258134170329897e-01	1.048814353817771217e+00	2.423973116583852061e+00
-2.776540490720867393e-01	1.060795849493736398e+00	2.370681048031315186e+00
-2.723230721071157046e-01	1.072509615547004413e+00	2.316835313213346126e+00
-2.669342274791205449e-01	1.083952915520179472e+00	2.262448006213276130e+00
-2.614888735344914616e-01	1.095123073284622883e+00	2.207531714633660158e+00
-2.559883819020057905e-01	1.106017478394126785e+00	2.152099671363657762e+00
-2.504341371100126667e-01	1.116633586265364464e+00	2.096165137127513844e+00
-2.448275362441656722e-01	1.126968919266422287e+00	2.039741644165019352e+00
-2.391699886126716634e-01	1.137021068078589048e+00	1.982842998160208481e+00
-2.334629154053493860e-01	1.146787693067774061e+00	1.925483263904197884e+00
-2.277077493143934150e-01	1.156266523461517925e+00	1.867675798782897800e+00
-2.219059341720253375e-01	1.165455358120242257e+00	1.809435468713104456e+00
-2.160589246458725909e-01	1.174352070707890716e+00	1.750777057824734584e+00
-2.101681858429243210e-01	1.182954609019275516e+00	1.691715521226228702e+00
-2.042351929349255080e-01	1.191260996214846601e+00	1.632266063583642790e+00
-1.982614307776136287e-01	1.199269332067275595e+00	1.572444138864966590e+00
-1.922483935270176691e-01	1.206977794040639207e+00	1.512265178925304099e+00
-1.861975843296531652e-01	1.214384634469336088e+00	1.451744191281136409e+00
-1.801105148467291861e-01	1.221488185492060063e+00	1.390897720945417859e+00
-1.739887048373847667e-01	1.228286860807903169e+00	1.329741965441598950e+00
-1.678336817733981357e-01	1.234779155593047850e+00	1.268293332262487638e+00
-1.616469804243489405e-01	1.240963647543407156e+00	1.206568436176326031e+00
-1.554301424366746065e-01	1.246838997903799484e+00	1.144584096529911221e+00
-1.491847159572703418e-01	1.252403951518328062e+00	1.082356635956443824e+00
-1.429122553950823715e-01	1.257657334120461323e+00	1.019902886121599295e+00
-1.366143206831895718e-01	1.262598059015164642e+00	9.572403822353408032e-01
-1.302924769324060039e-01	1.267225126167965010e+00	8.943864663363001455e-01
-1.239482940097550445e-01	1.271537622596413675e+00	8.313586319317209927e-01
-1.175833460916348161e-01	1.275534723114133850e+00	7.681745188125432833e-01
-1.111992112115390424e-01	1.279215691048955161e+00	7.048519769734866713e-01
-1.047974710116711811e-01	1.282579876682299558e+00	6.414075959659157888e-01
-9.837971036715033313e-02	1.285626716975150075e+00	5.778599731553413221e-01
-9.194751649680284189e-02	1.288355740734403287e+00	5.142270155570258794e-01
-8.550247874050211083e-02	1.290766566521824643e+00	4.505267629588161071e-01
-7.904618807902046018e-02	1.292858903249303637e+00	3.867773307719062359e-01
-7.258023666768205484e-02	1.294632550541072291e+00	3.229969036750617306e-01
-6.610621738416133653e-02	1.296087398940034330e+00	2.592035301559008076e-01
-5.962572380615098477e-02	1.297223427256223305e+00	1.954148320420472373e-01
-5.314034932048034010e-02	1.298040705493595848e+00	1.316493973432670828e-01
-4.665168659292617120e-02	1.298539395367082294e+00	6.792541434674603806e-02
-4.016132723347784483e-02	1.298719749482963426e+00	4.261065464220337162e-03
-3.367086133437960371e-02	1.298582111278512752e+00	-5.932548526641312492e-02
-2.718187700752309338e-02	1.298126914897847595e+00	-1.228161052125642527e-01
-2.069595992148818772e-02	1.297354685001312014e+00	-1.861927065493773625e-01
-1.421469300914782533e-02	1.296266036542851108e+00	-2.494372429330269370e-01
-7.739656086753140402e-03	1.294861674456242895e+00	-3.125317627498134243e-01
-1.272425062094829917e-03	1.293142393177261651e+00	-3.754583975111245309e-01
5.185428344680467067e-03	1.291109076200075867e+00	-4.381993807467097213e-01
1.163233703913627362e-02	1.288762695518957724e+00	-5.007370659104708466e-01
1.806673898909882947e-02	1.286104310987479682e+00	-5.630539430650287613e-01
2.448707765718850793e-02	1.283135069592999278e+00	-6.251326560962979784e-01
3.089180246380439365e-02	1.279856205488614673e+00	-6.869553340660559115e-01
3.727936939692266111e-02	1.276269043609053355e+00	-7.485043957959760519e-01
4.364824117356388977e-02	1.272374992458978449e+00	-8.097632250131709952e-01
4.999688772770778666e-02	1.268175544851575687e+00	-8.707149248878067738e-01
5.632378665254235417e-02	1.263672277589277693e+00	-9.313427838992538454e-01
6.262742361393724977e-02	1.258866850503213008e+00	-9.916302896514253007e-01
6.890629275844975532e-02	1.253761005423054575e+00	-1.051561142909463342e+00
7.515889711839551790e-02	1.248356565134857821e+00	-1.111119111064340359e+00
8.138374918994417673e-02	1.242655435914277851e+00	-1.170287296865922144e+00
8.757937119953304594e-02	1.236659603774906246e+00	-1.229050503757093793e+00
9.374429541574839930e-02	1.230371131707247656e+00	-1.287393161056797908e+00
9.987706460662314212e-02	1.223792159948899894e+00	-1.345299930894270801e+00
1.059762324209208018e-01	1.216924904784335570e+00	-1.402755720470054257e+00
1.120403637629326654e-01	1.209771657295581004e+00	-1.459745691860234729e+00
1.180680351605183642e-01	1.202334782063983143e+00	-1.516255271785098557e+00
1.240578351714399785e-01	1.194616716849300264e+00	-1.572269595261559516e+00
1.300083647950076859e-01	1.186619972505989162e+00	-1.627774650261926581e+00
1.359182376850026075e-01	1.178347128525897292e+00	-1.682756675376708699e+00
1.417860805515438472e-01	1.169800832986943595e+00	-1.737202072429568034e+00
1.476105335007144581e-01	1.160983801229935386e+00	-1.791097523458461183e+00
1.533902503637728232e-01	1.151898814442684271e+00	-1.844429996858480081e+00
1.591238990184143109e-01	1.142548718213918901e+00	-1.897186753329151543e+00
1.648101617172126609e-01	1.132936421216068190e+00	-1.949355192484176769e+00
1.704477355308017805e-01	1.123064895127320773e+00	-2.000922940131545147e+00
1.760353324790682183e-01	1.112937171405216308e+00	-2.051878244056183576e+00
1.815716798490157602e-01	1.102556340046628058e+00	-2.102209490604991515e+00
1.870555205052249481e-01	1.091925548340575647e+00	-2.151905366793926078e+00
1.924856131677477045e-01	1.081047999358366596e+00	-2.200954863132892569e+00
1.978607326813150435e-01	1.069926950430351464e+00	-2.249347276159483044e+00
2.031796702759520734e-01	1.058565711612139637e+00	-2.297072192459495454e+00
2.084412339681431248e-01	1.046967644884337689e+00	-2.344119263985362522e+00
2.136442487493468434e-01	1.035136162331959264e+00	-2.390478801987228508e+00
2.187875566965694074e-01	1.023074723975786693e+00	-2.436141290918385494e+00
2.238700172882449602e-01	1.010786836666482724e+00	-2.481097511858422422e+00
2.288905076296630092e-01	9.982760525733025414e-01	-2.525338548019647078e+00
2.338479226696334734e-01	9.855459676759749099e-01	-2.568855783936839998e+00
2.387411754082438553e-01	9.726002202615056103e-01	-2.611640904310263522e+00
2.435691971592937044e-01	9.594424894879480803e-01	-2.653685854474076677e+00
2.483309378928841571e-01	9.460764940411521273e-01	-2.694982904872688323e+00
2.530253661442946611e-01	9.325059903998411670e-01	-2.735524631263899664e+00
2.576514692964075870e-01	9.187347714751707972e-01	-2.775303886357789906e+00
2.622082537650259892e-01	9.047666651810259975e-01	-2.814313809451107318e+00
2.666947451646150546e-01	8.906055330103551659e-01	-2.852547822914232256e+00
2.711099884656271164e-01	8.762552686299452942e-01	-2.889999628319287694e+00
2.754530481534151476e-01	8.617197964740699323e-01	-2.926663230836311413e+00
2.797230085388439647e-01	8.470030700202081375e-01	-2.962532955364451936e+00
2.839189737365760968e-01	8.321090707752774041e-01	-2.997603297322939397e+00
2.880400677905646800e-01	8.170418069567574326e-01	-3.031869060829023965e+00
2.920854348407883050e-01	8.018053120951467161e-01	-3.065325311087917726e+00
2.960542392451204208e-01	7.864036437420561798e-01	-3.097967369152172523e+00
2.999456656941795196e-01	7.708408822053071097e-01	-3.129790806375240209e+00
3.037589193290729517e-01	7.551211291121174840e-01	-3.160791547117241862e+00
3.074932258543681685e-01	7.392485059579270157e-01	-3.190965649961526651e+00
3.111478316065333649e-01	7.232271534496774734e-01	-3.220309419071895718e+00
3.147220036539274401e-01	7.070612301020167134e-01	-3.248819408872520853e+00
3.182150298794392262e-01	6.907549110807086334e-01	-3.276492400357540191e+00
3.216262190560769119e-01	6.743123870863009239e-01	-3.303325394639273327e+00
3.249549009220097373e-01	6.577378632316208673e-01	-3.329315659787482673e+00
3.282004263500075680e-01	6.410355572999187901e-01	-3.354460768384399216e+00
3.313621673085370145e-01	6.242096993454319120e-01	-3.378758307254202009e+00
3.344395169112175936e-01	6.072645307168402784e-01	-3.402206148909215244e+00
3.374318894934781321e-01	5.902043029011995179e-01	-3.424802362502532560e+00
3.403387206596557579e-01	5.730332765574122078e-01	-3.446545207299607227e+00
3.431594673249441230e-01	5.557557205827942104e-01	-3.467433125964078044e+00
3.458936077606061810e-01	5.383759109070157534e-01	-3.487464905303170326e+00
3.485406416366299553e-01	5.208981292326165802e-01	-3.506639343718006785e+00
3.511000900267195468e-01	5.033266630214467963e-01	-3.524955419689348446e+00
3.535714954417351619e-01	4.856658042934980934e-01	-3.542412307052529741e+00
3.559544218495441226e-01	4.679198487930041339e-01	-3.559009340491257944e+00
3.582484546901310019e-01	4.500930952001048757e-01	-3.574746009297712135e+00
3.604532008879453575e-01	4.321898443356135822e-01	-3.589622004922603082e+00
3.625682888860788378e-01	4.142143977215951844e-01	-3.603637265447616755e+00
3.645933686250598660e-01	3.961710575128334355e-01	-3.616791670287540228e+00
3.665281115412560298e-01	3.780641258488196543e-01	-3.629085325410727592e+00
3.683722105706814798e-01	3.598979039996506035e-01	-3.640518471811930112e+00
3.701253801430427481e-01	3.416766917044291585e-01	-3.651091480212812712e+00
3.717873561725228981e-01	3.234047865362170704e-01	-3.660804845740045721e+00
3.733578960411890746e-01	3.050864830184353838e-01	-3.669659334377655568e+00
3.748367785778803363e-01	2.867260716700912315e-01	-3.677655685454169543e+00
3.762238040515684112e-01	2.683278392036795301e-01	-3.684794759574828049e+00
3.775187941445902751e-01	2.498960676232268585e-01	-3.691077558464684216e+00
3.787215919278764109e-01	2.314350336494104265e-01	-3.696505193963318447e+00
3.798320618337873156e-01	2.129490081792494161e-01	-3.701078884028575544e+00
3.808500896254633505e-01	1.944422557384938854e-01	-3.704799987911343351e+00
3.817755823453091168e-01	1.759190334489581786e-01	-3.707670043879573996e+00
3.826084682974612572e-01	1.573835910039600439e-01	-3.709690537917182951e+00
3.833486970119976411e-01	1.388401702227729240e-01	-3.710863120297275941e+00
3.839962392001817215e-01	1.202930044340763532e-01	-3.711189538049644909e+00
3.845510867122417520e-01	1.017463179987252164e-01	-3.710671632448651280e+00
3.850132524931603184e-01	8.320432584477240046e-02	-3.709311336615137122e+00
3.853827705193805797e-01	6.467123285156317625e-02	-3.707110763755526506e+00
3.856596957264242787e-01	4.615123317577417977e-02	-3.704072032318531882e+00
3.858441040077698614e-01	2.764851027750400009e-02	-3.700197351827556602e+00
3.859360921399586086e-01	9.167236273520271150e-03	-3.695489038841003993e+00
3.859357777252692134e-01	-9.288428520286703960e-03	-3.689949499111696340e+00
3.858432991335949969e-01	-2.771433603252116198e-02	-3.683581226751998727e+00
3.856588154397547208e-01	-4.610635088966125172e-02	-3.676386823484996569e+00
3.853825063049889921e-01	-6.446035112295750436e-02	-3.668369017296786438e+00
3.850145719688785051e-01	-8.277222834330585921e-02	-3.659530542971097589e+00
3.845552331873052787e-01	-1.010378881632374437e-01	-3.649874260959542482e+00
3.840047311484808823e-01	-1.192532507156497390e-01	-3.639403121641933581e+00
3.833633274021482906e-01	-1.374142511043573711e-01	-3.628120165798989660e+00
3.826313037872101641e-01	-1.555168398574278688e-01	-3.616028525260603033e+00
3.818089623578492797e-01	-1.735569833842022236e-01	-3.603131423826340551e+00
3.808966252492251292e-01	-1.915306645760750937e-01	-3.589432250456923157e+00
3.798946345492836274e-01	-2.094338833950353251e-01	-3.574934408076970271e+00
3.788033523656793577e-01	-2.272626570049788575e-01	-3.559641409964129366e+00
3.776231606727928347e-01	-2.450130204262552791e-01	-3.543556880269377984e+00
3.763544612217820107e-01	-2.626810270467638819e-01	-3.526684545557316142e+00
3.749976754506437193e-01	-2.802627491393557824e-01	-3.509028237070197065e+00
3.735532443924001744e-01	-2.977542783910500090e-01	-3.490591893185239769e+00
3.720216285711583915e-01	-3.151517264246506134e-01	-3.471379539791200841e+00
3.704033077951367492e-01	-3.324512251338636037e-01	-3.451395298472306195e+00
3.686987811864295694e-01	-3.496489275049512457e-01	-3.430643459116424765e+00
3.669085670641004659e-01	-3.667410081673773137e-01	-3.409128402250757972e+00
3.650332028152886155e-01	-3.837236639407455852e-01	-3.386854627981847443e+00
3.630732447855145040e-01	-4.005931144406649214e-01	-3.363826759322932958e+00
3.610292681665819292e-01	-4.173456027016850256e-01	-3.340049545701873512e+00
3.589018668820699864e-01	-4.339773958182255309e-01	-3.315527863898552141e+00
3.566916534079874745e-01	-4.504847852896014526e-01	-3.290266587673528420e+00
3.543992586406680689e-01	-4.668640876352085356e-01	-3.264270902125502971e+00
3.520253318742510018e-01	-4.831116455950870692e-01	-3.237546079021456080e+00
3.495705406179912544e-01	-4.992238285567114908e-01	-3.210097520595780907e+00
3.470355704630145866e-01	-5.151970332657495044e-01	-3.181930773536464585e+00
3.444211249462311719e-01	-5.310276845581207716e-01	-3.153051533058771838e+00
3.417279254111178499e-01	-5.467122361127785268e-01	-3.123465647127432021e+00
3.389567108539720541e-01	-5.622471710976875148e-01	-3.093179008557342513e+00
3.361082377049475212e-01	-5.776290021375879435e-01	-3.062197666260999540e+00
3.331832797756039688e-01	-5.928542732218219369e-01	-3.030527991023234335e+00
3.301826280819477044e-01	-6.079195602666185305e-01	-2.998176428289411888e+00
3.271070906739466655e-01	-6.228214718122924154e-01	-2.965149588828069227e+00
3.239574924717850690e-01	-6.375566498594035236e-01	-2.931454252718651787e+00
3.207346750982329464e-01	-6.521217707250946960e-01	-2.897097373435201462e+00
3.174394967070512941e-01	-6.665135459193844980e-01	-2.862086064593427182e+00
3.140728317768916589e-01	-6.807287222456421816e-01	-2.826427348340871504e+00
3.106355709407866428e-01	-6.947640829583635602e-01	-2.790128816500271114e+00
3.071286208300788578e-01	-7.086164494278313075e-01	-2.753198100611712107e+00
3.035529038664007140e-01	-7.222826815789589183e-01	-2.715643006700872775e+00
2.999093580670013637e-01	-7.357596788124745046e-01	-2.677471526770716537e+00
2.961989368455272831e-01	-7.490443809427228539e-01	-2.638691842144908151e+00
2.924226088081819941e-01	-7.621337691522679370e-01	-2.599312326844483323e+00
2.885813575456538937e-01	-7.750248667000446678e-01	-2.559341358413860235e+00
2.846761814216405284e-01	-7.877147388663554572e-01	-2.518787594978732614e+00
2.807080933519899291e-01	-8.002004955385363383e-01	-2.477660039928650804e+00
2.766781205826268075e-01	-8.124792916930241304e-01	-2.435967789886603896e+00
2.725873044618840058e-01	-8.245483282553617288e-01	-2.393720136507795360e+00
2.684367002076219477e-01	-8.364048530799522707e-01	-2.350926568487636814e+00
2.642273766692506687e-01	-8.480461619397653417e-01	-2.307596773531940926e+00
2.599604160850845225e-01	-8.594695995134361555e-01	-2.263740600085498045e+00
2.556369138748392777e-01	-8.706725593665282092e-01	-2.219367831315764761e+00
2.512579783602585382e-01	-8.816524856163227009e-01	-2.174488873720918036e+00
2.468247304871714898e-01	-8.924068744346013160e-01	-2.129114156407752034e+00
2.423383035805521390e-01	-9.029332745928281279e-01	-2.083254301148940613e+00
2.377998430774854455e-01	-9.132292884330971416e-01	-2.036920124097548523e+00
2.332105062548655849e-01	-9.232925728399404841e-01	-1.990122635905606785e+00
2.285714619517643098e-01	-9.331208402124596679e-01	-1.942873041731672856e+00
2.238838903135290104e-01	-9.427118591160175143e-01	-1.895182539610686945e+00
2.191489825678267778e-01	-9.520634544915487218e-01	-1.847062673929485754e+00
2.143679406151305089e-01	-9.611735099905875934e-01	-1.798525239002742637e+00
2.095419767767832953e-01	-9.700399683814703300e-01	-1.749582142870735879e+00
2.046723134999833271e-01	-9.786608323958561062e-01	-1.700245473268466867e+00
1.997601830529135147e-01	-9.870341656218337700e-01	-1.650527495608059780e+00
1.948068272147536195e-01	-9.951580933865080691e-01	-1.600440650787618324e+00
1.898134969645436376e-01	-1.003030803602406040e+00	-1.549997508457465756e+00
1.847814522775904911e-01	-1.010650546903427704e+00	-1.499210677368523648e+00
1.797119616992658431e-01	-1.018015638114348809e+00	-1.448093173354095597e+00
1.746063019952125150e-01	-1.025124457200633943e+00	-1.396658064707366975e+00
1.694657578576354851e-01	-1.031975449823389734e+00	-1.344918572479741670e+00
1.642916215717905859e-01	-1.038567128092411140e+00	-1.292888066280852399e+00
1.590851926779537628e-01	-1.044898071297693187e+00	-1.240580059858075401e+00
1.538477776288849352e-01	-1.050966926618307484e+00	-1.188008206460722249e+00
1.485806895019006757e-01	-1.056772409655150069e+00	-1.135186209592347950e+00
1.432852477241434996e-01	-1.062313304893272248e+00	-1.082127987149874571e+00
1.379627775400093515e-01	-1.067588466791545843e+00	-1.028847575688928373e+00
1.326146097345254904e-01	-1.072596820173871590e+00	-9.753591093354998520e-01
1.272420802808285067e-01	-1.077337360776470465e+00	-9.216768305185496502e-01
1.218465299803983826e-01	-1.081809155773184816e+00	-8.678150835369251581e-01
1.164293040998038292e-01	-1.086011344268023482e+00	-8.137883078827599093e-01
1.109917520177218925e-01	-1.089943137763812242e+00	-7.596110438973937562e-01
1.055352270455750807e-01	-1.093603820725713049e+00	-7.052979263004317545e-01
1.000610858270069847e-01	-1.096992750801432326e+00	-6.508636240525902394e-01
9.457068797809720095e-02	-1.100109359183121471e+00	-5.963228922987582337e-01
8.906539576041699879e-02	-1.102953150957004969e+00	-5.416905454003426712e-01
8.354657370508314362e-02	-1.105523705379370503e+00	-4.869814489054533624e-01
7.801558823430193579e-02	-1.107820676111843206e+00	-4.322105112840972652e-01
7.247380728048928578e-02	-1.109843791414753200e+00	-3.773926754249714577e-01
6.692259990303392470e-02	-1.111592854297420496e+00	-3.225429098954464280e-01
6.136333593945934167e-02	-1.113067742724427323e+00	-2.676763155135404304e-01
5.579738604878741598e-02	-1.114268410854725389e+00	-2.128080882694121101e-01
5.022612078575650757e-02	-1.115194887590326589e+00	-1.579531098752795515e-01
4.465091027261213624e-02	-1.115847276716507297e+00	-1.031264139012364467e-01
3.907312391685928421e-02	-1.116225757124054141e+00	-4.834302082622343733e-02
3.349413003168207059e-02	-1.116330582720424847e+00	6.382071369330333255e-03
2.791529545595156092e-02	-1.116162082293380875e+00	6.103389681550197565e-02
2.233798517394356906e-02	-1.115720659326055131e+00	1.155975315741670784e-01
1.676356193490263422e-02	-1.115006791762420901e+00	1.700581036682251579e-01
1.119338590123014621e-02	-1.114021031991150323e+00	2.244005153414718734e-01
5.628814555014446941e-03	-1.112764009202123372e+00	2.786095958571195297e-01
7.120194621410003144e-05	-1.111236425507453385e+00	3.326709280476052299e-01
-5.478101628384853677e-03	-1.109439056049477346e+00	3.865698266738490929e-01
-1.101774993508156109e-02	-1.107372749153869407e+00	4.402916921701489628e-01
-1.654640117104817787e-02	-1.105038425877712616e+00	4.938220201764806916e-01
-2.206271833042389510e-02	-1.102437079509574147e+00	5.471464112101784849e-01
-2.756536956854280587e-02	-1.099569775020897922e+00	6.002505804785869259e-01
-3.305302856413680490e-02	-1.096437648468019610e+00	6.531203678264319024e-01
-3.852437485884260132e-02	-1.093041906765430449e+00	7.057413266685443887e-01
-4.397809403896515285e-02	-1.089383830602603354e+00	7.580990347312308586e-01
-4.941287832777338518e-02	-1.085464768817715919e+00	8.101800684713680312e-01
-5.482742689217851018e-02	-1.081286138535523689e+00	8.619706977816576909e-01
-6.022044615252031274e-02	-1.076849425129553284e+00	9.134573424884138149e-01
-6.559065012235680558e-02	-1.072156181451743295e+00	9.646265807746203791e-01
-7.093676074447102797e-02	-1.067208027019872718e+00	1.015465157650623951e+00
-7.625750822291321729e-02	-1.062006647162541340e+00	1.065959993468368339e+00
-8.155163135087982462e-02	-1.056553792121482926e+00	1.116098192482922968e+00
-8.681787783689323690e-02	-1.050851276640031751e+00	1.165866555292382145e+00
-9.205500464335153454e-02	-1.044900982890045960e+00	1.215252036633273747e+00
-9.726177827336643378e-02	-1.038704853958358099e+00	1.264242653735436761e+00
-1.024369750862671735e-01	-1.032264894006089895e+00	1.312826144995710820e+00
-1.075793816059924940e-01	-1.025583167982257349e+00	1.360990447047583984e+00
-1.126877948208089147e-01	-1.018661800617391089e+00	1.408723701010387686e+00
-1.177610224776100556e-01	-1.011502975386071146e+00	1.456014258681250340e+00
-1.227978833706167422e-01	-1.004108933438651485e+00	1.502850688670662294e+00
-1.277972076242826216e-01	-9.964819725024648411e-01	1.549221782482334220e+00
-1.327578369960480120e-01	-9.886244462816329293e-01	1.595116093306558014e+00
-1.376786253120812764e-01	-9.805387666768116128e-01	1.640522443913141615e+00
-1.425584384909197588e-01	-9.722273976653019734e-01	1.685430583672427929e+00
-1.473961548621730289e-01	-9.636928553286766563e-01	1.729830089247286651e+00
-1.521906654504529832e-01	-9.549377072767607499e-01	1.773710764034888143e+00
-1.569408742261691747e-01	-9.459645715057530824e-01	1.817062641630684539e+00
-1.616456983497987221e-01	-9.367761152393916380e-01	1.859875989145905351e+00
-1.663040684094572730e-01	-9.273750537539088290e-01	1.902141310379931838e+00
-1.709149286516128963e-01	-9.177641491874941604e-01	1.943849348846583780e+00
-1.754772372595471697e-01	-9.079462097534199971e-01	1.984990741158696892e+00
-1.799899668729869062e-01	-8.979240908363291807e-01	2.025556447698875218e+00
-1.844521043367865765e-01	-8.877006902421261669e-01	2.065538111928674425e+00
-1.888626510308618889e-01	-8.772789479329069495e-01	2.104927346599595239e+00
-1.932206231207276026e-01	-8.666618452022599728e-01	2.143715999042626663e+00
-1.975250517559416774e-01	-8.558524035014196674e-01	2.181896151719399768e+00
-2.017749832615992056e-01	-8.448536832631967641e-01	2.219460122564271387e+00
-2.059694793227589416e-01	-8.336687827247135640e-01	2.256400465118190368e+00
-2.101076171616743649e-01	-8.223008367499992088e-01	2.292709968453550573e+00
-2.141884897822802225e-01	-8.107530158399058884e-01	2.328381509189682674e+00
-2.182112064905094018e-01	-7.990285258521994116e-01	2.363408251690373163e+00
-2.221748924828488569e-01	-7.871306054140134734e-01	2.397783748850713437e+00
-2.260786891649800290e-01	-7.750625251828721085e-01	2.431501680255507836e+00
-2.299217543541195174e-01	-7.628275868415297367e-01	2.464555950309090804e+00
-2.337032624255219182e-01	-7.504291219791868750e-01	2.496940686271329923e+00
-2.374224044522229571e-01	-7.378704909831020897e-01	2.528650236058354039e+00
-2.410783883379448433e-01	-7.251550819417823535e-01	2.559679165810848644e+00
-2.446704389430957860e-01	-7.122863095609032191e-01	2.590022257227360569e+00
-2.481977982748470590e-01	-6.992676140088446290e-01	2.619674568663754144e+00
-2.516597259101450157e-01	-6.861024594925972941e-01	2.648631344599152726e+00
-2.550554986302695504e-01	-6.727943337768108600e-01	2.676887979729144718e+00
-2.583844106704579202e-01	-6.593467469820469828e-01	2.704440112513964323e+00
-2.616457738647292031e-01	-6.457632305173129916e-01	2.731283584651407637e+00
-2.648389177488550406e-01	-6.320473360732754564e-01	2.757414437458351131e+00
-2.679631896578448247e-01	-6.182026346340988576e-01	2.782828908038197824e+00
-2.710179548179598719e-01	-6.042327155089601831e-01	2.807523425235217474e+00
-2.740025964379787515e-01	-5.901411850381832469e-01	2.831494805409136006e+00
-2.769165157978652481e-01	-5.759316651116629382e-01	2.854739857040897277e+00
-2.797591323080638182e-01	-5.616077934666063864e-01	2.877255557725277413e+00
-2.825298835870697634e-01	-5.471732222691448877e-01	2.899039118035773299e+00
-2.852282255273518863e-01	-5.326316171781534381e-01	2.920087927109648263e+00
-2.878536323554748977e-01	-5.179866564635480231e-01	2.940399548331640744e+00
-2.904055966868927530e-01	-5.032420301465673207e-01	2.959971714849558566e+00
-2.928836295754244645e-01	-4.884014391628999641e-01	2.978802331191047870e+00
-2.952872606871490002e-01	-4.734685938162347951e-01	2.996889781177998202e+00
-2.976160383617083571e-01	-4.584472128628687693e-01	3.014232190748515450e+00
-2.998695294356192309e-01	-4.433410239371215478e-01	3.030827967588692218e+00
-3.020473193936267786e-01	-4.281537621189550058e-01	3.046675700780440366e+00
-3.041490124039047394e-01	-4.128891691555529597e-01	3.061774132381543723e+00
-3.061742313485946720e-01	-3.975509927075654426e-01	3.076122153094019041e+00
-3.081226178503327917e-01	-3.821429856172732786e-01	3.089718797820495411e+00
-3.099938322949427616e-01	-3.666689051882442429e-01	3.102563282820568702e+00
-3.117875538621704967e-01	-3.511325113523457442e-01	3.114655269415493422e+00
-3.135034805330565444e-01	-3.355375667215620972e-01	3.125994060620342907e+00
-3.151413290947796542e-01	-3.198878365472982432e-01	3.136579295991566596e+00
-3.167008351541173994e-01	-3.041870875323732237e-01	3.146410751890016400e+00
-3.181817531420211842e-01	-2.884390871694804126e-01	3.155488335192757177e+00
-3.195838563147068712e-01	-2.726476030982245558e-01	3.163812079555327728e+00
-3.209069367513318061e-01	-2.568164024809464485e-01	3.171382141627475448e+00
-3.221508053504112401e-01	-2.409492513272547820e-01	3.178198893824628612e+00
-3.233152918568809042e-01	-2.250499126943154016e-01	3.184262977769222402e+00
-3.244002448126208638e-01	-2.091221473784385387e-01	3.189574796182114369e+00
-3.254055315413888483e-01	-1.931697133606387062e-01	3.194135032491956849e+00
-3.263310381413023209e-01	-1.771963649141023722e-01	3.197944486575565293e+00
-3.271766694654995589e-01	-1.612058520290616526e-01	3.201004072014427493e+00
-3.279423491000639790e-01	-1.452019198513624931e-01	3.203314813363547842e+00
-3.286280193392907001e-01	-1.291883081346432149e-01	3.204877843432647921e+00
-3.292336411510826677e-01	-1.131687505454160858e-01	3.205694539073050464e+00
-3.297591941022358641e-01	-9.714697315251531740e-02	3.205766375280425962e+00
-3.302046763877007907e-01	-8.112669527583724061e-02	3.205094741609642028e+00
-3.305701047797539038e-01	-6.511162863455551009e-02	3.203681241281515213e+00
-3.308555145821882038e-01	-4.910547666943911038e-02	3.201527583650612740e+00
-3.310609595885593004e-01	-3.311193401622731375e-02	3.198635582690396717e+00
-3.311865120380499961e-01	-1.713468598643384105e-02	3.195007155540742438e+00
-3.312322625690197753e-01	-1.177408055245480513e-03	3.190644321117925841e+00
-3.311983201543698407e-01	1.475623485650255640e-02	3.185549333576874531e+00
-3.310848120123001115e-01	3.066258939324154054e-02	3.179724442120205552e+00
-3.308918836238757821e-01	4.653801331524126672e-02	3.173171953260780498e+00
-3.306196986493728507e-01	6.237887636721055340e-02	3.165894324895678125e+00
-3.302684388654704706e-01	7.818156083652892663e-02	3.157894118399497074e+00
-3.298383041032574292e-01	9.394246206972672875e-02	3.149173998373825611e+00
-3.293295121840902340e-01	1.096579889879673864e-01	3.139736732492920623e+00
-3.287422988533562074e-01	1.253245646019842674e-01	3.129585191849201919e+00
-3.280769176638533846e-01	1.409386267077205601e-01	3.118722440105443638e+00
-3.273336398758021071e-01	1.564966285127671886e-01	3.107151537597175661e+00
-3.265127544915835678e-01	1.719950387527523494e-01	3.094875673217600820e+00
-3.256145681252901602e-01	1.874303424196953061e-01	3.081898154203059903e+00
-3.246394049207457777e-01	2.027990413041707018e-01	3.068222395915711331e+00
-3.235876064682614572e-01	2.180976545379050002e-01	3.053851922750652648e+00
-3.224595317191348842e-01	2.333227191412041712e-01	3.038790369156672000e+00
-3.212555568978063270e-01	2.484707905756878277e-01	3.023041479911952933e+00
-3.199760753439127026e-01	2.635384432677666533e-01	3.006609100683618863e+00
-3.186214974471802130e-01	2.785222711878883595e-01	2.989497207797512601e+00
-3.171922506097570316e-01	2.934188884522037077e-01	2.971709886080589058e+00
-3.156887791072580107e-01	3.082249298804371485e-01	2.953251336445418929e+00
-3.141115439856113634e-01	3.229370515816112341e-01	2.934125877837374219e+00
-3.124610229553886898e-01	3.375519315482903848e-01	2.914337948995552097e+00
-3.107377102836254568e-01	3.520662702599194338e-01	2.893892110325964495e+00
-3.089421166802509555e-01	3.664767912827702201e-01	2.872793022790375517e+00
-3.070747691024430792e-01	3.807802415221025472e-01	2.851045407359691808e+00
-3.051362107134154011e-01	3.949733921908729073e-01	2.828654237309422115e+00
-3.031270007772269848e-01	4.090530395130922425e-01	2.805624557765781901e+00
-3.010477145085497797e-01	4.230160052474860044e-01	2.781961542458930126e+00
-2.988989429448649648e-01	4.368591373354895890e-01	2.757670495845644609e+00
-2.966812928157456231e-01	4.505793105600764403e-01	2.732756855324140588e+00
-2.943953864092121453e-01	4.641734272158984376e-01	2.707226193541799830e+00
-2.920418614221625964e-01	4.776384177837709744e-01	2.681084129638691138e+00
-2.896213707902124401e-01	4.909712406153523556e-01	2.654336439331785868e+00
-2.871345825675649110e-01	5.041688840738051125e-01	2.626989133338980764e+00
-2.845821798103916334e-01	5.172283666056594065e-01	2.599048309918373434e+00
-2.819648604000792314e-01	5.301467374833715995e-01	2.570520207163326631e+00
-2.792833368886952772e-01	5.429210775101799280e-01	2.541411205399981554e+00
-2.765383363410015560e-01	5.555484997369360967e-01	2.511727829585140626e+00
-2.737306001730123728e-01	5.680261501909340538e-01	2.481476751704633443e+00
-2.708608839812597924e-01	5.803512084657999059e-01	2.450664684809794380e+00
-2.679299573509179022e-01	5.925208878664224299e-01	2.419298519787787427e+00
-2.649386037132118177e-01	6.045324369283824328e-01	2.387385371205368756e+00
-2.618876201596722075e-01	6.163831399236429087e-01	2.354932452290370293e+00
-2.587778172591277404e-01	6.280703175382548187e-01	2.321947122252311146e+00
-2.556100188760632164e-01	6.395913276245629442e-01	2.288436904670277272e+00
-2.523850620043990856e-01	6.509435660769044008e-01	2.254409477952606267e+00
-2.491037965521012698e-01	6.621244674359917370e-01	2.219872647596048409e+00
-2.457670851513313603e-01	6.731315056786467688e-01	2.184834384777275318e+00
-2.423758029638348743e-01	6.839621950076163470e-01	2.149302816216959400e+00
-2.389308374780143296e-01	6.946140905799009779e-01	2.113286163778866467e+00
-2.354330882764675559e-01	7.050847885993284381e-01	2.076792724723645733e+00
-2.318834668526167098e-01	7.153719277158402390e-01	2.039831113489810832e+00
-2.282828963974333492e-01	7.254731897798948337e-01	2.002410024338416861e+00
-2.246323115771763357e-01	7.353863004687882787e-01	1.964538301728680381e+00
-2.209326583126496046e-01	7.451090300297006364e-01	1.926224925294377499e+00
-2.171848935612556708e-01	7.546391937755961843e-01	1.887478974754571937e+00
-2.133899850842747026e-01	7.639746530103717070e-01	1.848309756990147434e+00
-2.095489112136938725e-01	7.731133158317494702e-01	1.808726695574478072e+00
-2.056626606188201034e-01	7.820531378031929659e-01	1.768739361797599940e+00
-2.017322320675230540e-01	7.907921226887327792e-01	1.728357460972404169e+00
-1.977586341827199112e-01	7.993283227972914906e-01	1.687590732386922809e+00
-1.937428851967541721e-01	8.076598398625389752e-01	1.646449210049297562e+00
-1.896860127023057285e-01	8.157848259824788117e-01	1.604943012467458630e+00
-1.855890533985409263e-01	8.237014841700814882e-01	1.563082396918900940e+00
-1.814530528340414506e-01	8.314080690490465164e-01	1.520877754135256055e+00
-1.772790651587255739e-01	8.389028872103467815e-01	1.478339482563910678e+00
-1.730681528609697706e-01	8.461842978624301015e-01	1.435478267683436115e+00
-1.688213864861348168e-01	8.532507138758063103e-01	1.392304876782986867e+00
-1.645398443738986249e-01	8.601006022275972107e-01	1.348830199609380998e+00
-1.602246123847357873e-01	8.667324846346491363e-01	1.305065257629564712e+00
-1.558767836371447446e-01	8.731449379083100482e-01	1.261021032337225733e+00
-1.514974582405430870e-01	8.793365943181110644e-01	1.216708806750432359e+00
-1.470877429816221105e-01	8.853061427688744267e-01	1.172139919865969659e+00
-1.426487510536276482e-01	8.910523290861710466e-01	1.127325818367069132e+00
-1.381816017674938613e-01	8.965739565740820094e-01	1.082278056996472060e+00
-1.336874202859404392e-01	9.018698862502320113e-01	1.037008125502381972e+00
-1.291673373671295977e-01	9.069390369199443747e-01	9.915277839576219776e-01
-1.246224889816294618e-01	9.117803866844708116e-01	9.458488957964732435e-01
-1.200540160497491488e-01	9.163929729902600130e-01	8.999833757178521410e-01
-1.154630641426967891e-01	9.207758930518465945e-01	8.539432263854678240e-01
-1.108507831787819004e-01	9.249283042825776624e-01	8.077405348311117450e-01
-1.062183271168775783e-01	9.288494247068641574e-01	7.613874686568351535e-01
-1.015668536477205564e-01	9.325385333483449113e-01	7.148962352478633875e-01
-9.689752403201282172e-02	9.359949692661516663e-01	6.682786986895621339e-01
-9.221150271755644556e-02	9.392181325157782368e-01	6.215474058728318596e-01
-8.750995691299907897e-02	9.422074854518309728e-01	5.747147141159985040e-01
-8.279405635622417992e-02	9.449625522511002629e-01	5.277930130375807494e-01
-7.806497300331750877e-02	9.474829190976342685e-01	4.807947258181570760e-01
-7.332388071628744008e-02	9.497682343326734333e-01	4.337323020245094085e-01
-6.857195494965559468e-02	9.518182085680022553e-01	3.866182101471054011e-01
-6.381037244204215697e-02	9.536326148944584968e-01	3.394650769753866371e-01
-5.904031096705701642e-02	9.552112903824468981e-01	2.922856441369390268e-01
-5.426294894039283834e-02	9.565541343802921315e-01	2.450922914891862092e-01
-4.947946511339365583e-02	9.576611086976174469e-01	1.978975751846405728e-01
-4.469103827234082588e-02	9.585322378845705371e-01	1.507140452438875400e-01
-3.989884692444105319e-02	9.591676091825469541e-01	1.035542380617471281e-01
-3.510406898382292112e-02	9.595673724369309099e-01	5.643066870163693238e-02
-3.030788145767536121e-02	9.597317399708008567e-01	9.355822979898675840e-03
-2.551146013245710054e-02	9.596609870427889044e-01	-3.765746262928360011e-02
-2.071597926026165493e-02	9.593554530388265222e-01	-8.459670834679400286e-02
-1.592261124691028013e-02	9.588155386059766805e-01	-1.314495838889797596e-01
-1.113252633956394490e-02	9.580417064454713749e-01	-1.782036740710282174e-01
-6.346892315362031439e-03	9.570344811866539070e-01	-2.248466129166217797e-01
-1.566874170980262285e-03	9.557944491238753448e-01	-2.713660905499182263e-01
3.206366186805005916e-03	9.543222579186730892e-01	-3.177498601959314328e-01
7.971670249412601827e-03	9.526186162666940849e-01	-3.639857290845611715e-01
1.272788318047418654e-02	9.506842944614007918e-01	-4.100612369085183673e-01
1.747385412758168874e-02	9.485201238166252047e-01	-4.559644849032338243e-01
2.220843656292326856e-02	9.461269951937762990e-01	-5.016834881856766515e-01
2.693048856132732038e-02	9.435058592130927124e-01	-5.472063329186767078e-01
3.163887309835953371e-02	9.406577258108996809e-01	-5.925211969413908264e-01
3.633245834626280119e-02	9.375836637659398232e-01	-6.376163559775704925e-01
4.101011796760965777e-02	9.342848001945701641e-01	-6.824801898852683735e-01
4.567073140577614793e-02	9.307623200755553716e-01	-7.271011075919773248e-01
5.031318416141358080e-02	9.270174666781392236e-01	-7.714675133800028561e-01
5.493636809107389773e-02	9.230515399267933407e-01	-8.155682149729273078e-01
5.953918169003112604e-02	9.188658957938096172e-01	-8.593920097426916982e-01
6.412053036881322499e-02	9.144619459300988851e-01	-9.029278198096903907e-01
6.867932672950048667e-02	9.098411570283846395e-01	-9.461646973807091854e-01
7.321449083869999153e-02	9.050050501597449726e-01	-9.890918300766884386e-01
7.772495049705424597e-02	8.999552000835632226e-01	-1.031698546246843762e+00
8.220964151331497383e-02	8.946932348106686472e-01	-1.073974128796862715e+00
8.666750799256275894e-02	8.892208357530331231e-01	-1.115908126101089692e+00
9.109750255141520203e-02	8.835397354788728785e-01	-1.157490345051655822e+00
9.549858658824926516e-02	8.776517174640254826e-01	-1.198710658450067967e+00
9.986973053747388862e-02	8.715586154131886865e-01	-1.239559093630248299e+00
1.042099141172365684e-01	8.652623124776473995e-01	-1.280025836432173492e+00
1.085181265728754618e-01	8.587647404533108597e-01	-1.320101235106506010e+00
1.127933669159803115e-01	8.520678789594103852e-01	-1.359775799423459830e+00
1.170346442025702455e-01	8.451737551280096294e-01	-1.399039979970439163e+00
1.212409777702898456e-01	8.380844428337983487e-01	-1.437884696514515781e+00
1.254113973941681781e-01	8.308020609748054675e-01	-1.476300951095993241e+00
1.295449435476503097e-01	8.233287730731347898e-01	-1.514279900477561114e+00
1.336406676219522305e-01	8.156667864132808310e-01	-1.551812875504538169e+00
1.376976321404692061e-01	8.078183511660592675e-01	-1.588891383505654176e+00
1.417149109683030206e-01	7.997857595008200926e-01	-1.625507110579690107e+00
1.456915895202222921e-01	7.915713447083958521e-01	-1.661651886739548445e+00
1.496267650496304336e-01	7.831774808624595297e-01	-1.697317628131031597e+00
1.535195467609589970e-01	7.746065813785143472e-01	-1.732496621439679529e+00
1.573690559870051242e-01	7.658610980114815003e-01	-1.767181252202192354e+00
1.611744264036204244e-01	7.569435201173050354e-01	-1.801364087885531262e+00
1.649348042129687719e-01	7.478563737413213008e-01	-1.835037878814603118e+00
1.686493483216458533e-01	7.386022207023639208e-01	-1.868195558954596436e+00
1.723172305135761417e-01	7.291836576733125019e-01	-1.900830246549617186e+00
1.759376356406273656e-01	7.196033153088244871e-01	-1.932935206482795820e+00
1.795097618872942558e-01	7.098638575434790265e-01	-1.964503901811497144e+00
1.830328207746421409e-01	6.999679803344189821e-01	-1.995530014731286883e+00
1.865060373605594846e-01	6.899184108416249739e-01	-2.026007388058530978e+00
1.899286504033618761e-01	6.797179065410120513e-01	-2.055930047068159183e+00
1.932999125083360581e-01	6.693692543137670370e-01	-2.085292198975480460e+00
1.966190902691076769e-01	6.588752695386748126e-01	-2.114088232261110534e+00
1.998854644037785788e-01	6.482387951882065957e-01	-2.142312715958155422e+00
2.030983299456839697e-01	6.374627008838241737e-01	-2.169960420809218249e+00
2.062569964041866821e-01	6.265498819752461923e-01	-2.197026269383911767e+00
2.093607877559214847e-01	6.155032587500760544e-01	-2.223505367708071390e+00
2.124090426279614807e-01	6.043257755009499022e-01	-2.249393000885845595e+00
2.154011144145090706e-01	5.930203996465193139e-01	-2.274684628957515997e+00
2.183363713875245138e-01	5.815901208612755946e-01	-2.299375885224264948e+00
2.212141968023940697e-01	5.700379502141402766e-01	-2.323462574419409066e+00
2.240339890006803336e-01	5.583669193088471872e-01	-2.346940688717154444e+00
2.267951616040397023e-01	5.465800790753715388e-01	-2.369806469183686204e+00
2.294971435292441908e-01	5.346804992217182306e-01	-2.392056183736599451e+00
2.321393790431085791e-01	5.226712675295211996e-01	-2.413686325587377723e+00
2.347213278840121209e-01	5.105554888944314751e-01	-2.434693552386818283e+00
2.372424653433818920e-01	4.983362845102061178e-01	-2.455074683882969566e+00
2.397022823426315230e-01	4.860167910645906142e-01	-2.474826699496475158e+00
2.421002855055564562e-01	4.736001599476402091e-01	-2.493946735763017841e+00
2.444359972394118119e-01	4.610895563777530626e-01	-2.512432165893528691e+00
2.467089558800039106e-01	4.484881580471229423e-01	-2.530280513034227852e+00
2.489187156395436529e-01	4.357991551709423650e-01	-2.547489339080215132e+00
2.510648466901427289e-01	4.230257495408562551e-01	-2.564056420361481514e+00
2.531469352298250097e-01	4.101711536873922648e-01	-2.579979682596331259e+00
2.551645835327344125e-01	3.972385901399009267e-01	-2.595257198256092579e+00
2.571174099952934222e-01	3.842312906998989752e-01	-2.609887183829442847e+00
2.590050491783265074e-01	3.711524957283615644e-01	-2.623867996986774642e+00
2.608271518715090109e-01	3.580054531223684222e-01	-2.637198309337236424e+00
2.625833851565086974e-01	3.447934172735643843e-01	-2.649876740198834568e+00
2.642734323631810156e-01	3.315196493130830313e-01	-2.661902063138938956e+00
2.658969931316855217e-01	3.181874160162529996e-01	-2.673273220235188319e+00
2.674537834394506985e-01	3.047999891090942826e-01	-2.683989287789046330e+00
2.689435356232471319e-01	2.913606446038757292e-01	-2.694049473760827595e+00
2.703659983977336201e-01	2.778726621476440561e-01	-2.703453115143588548e+00
2.717209368707373951e-01	2.643393243783238589e-01	-2.712199698295933104e+00
2.730081325809000647e-01	2.507639156480431786e-01	-2.720289012816920149e+00
2.742273834903395935e-01	2.371497218008739305e-01	-2.727720690300728279e+00
2.753785039753531838e-01	2.235000299290881842e-01	-2.734494600296912381e+00
2.764613248411166846e-01	2.098181274594440593e-01	-2.740610737345335224e+00
2.774756933215699051e-01	1.961073015421934962e-01	-2.746069217175900690e+00
2.784214730762061829e-01	1.823708384507642111e-01	-2.750870274557058792e+00
2.792985441838069516e-01	1.686120229922483116e-01	-2.755014261122468611e+00
2.801068031334662534e-01	1.548341378509456301e-01	-2.758501720530830426e+00
2.808461628149683809e-01	1.410404623447840955e-01	-2.761333339982670054e+00
2.815165525003877067e-01	1.272342727037722721e-01	-2.763509767967413211e+00
2.821179178266701726e-01	1.134188413633632209e-01	-2.765031844755391432e+00
2.826502207753577856e-01	9.959743627541575717e-02	-2.765900524043487962e+00
2.831134396490770366e-01	8.577332034512119563e-02	-2.766116871441965941e+00
2.835075690452981134e-01	7.194975087543413472e-02	-2.765682062975010069e+00
2.838326198274075396e-01	5.812997901896228142e-02	-2.764597383595187807e+00
2.840886190854407523e-01	4.431724904314866126e-02	-2.762864339565830107e+00
2.842756100885499015e-01	3.051479745976051067e-02	-2.760484438824562403e+00
2.843936522759285546e-01	1.672585319585289526e-02	-2.757459284203432226e+00
2.844428212053446425e-01	2.953636766065866059e-03	-2.753790617417248843e+00
2.844232085094502427e-01	-1.079864028972937762e-02	-2.749480288127679195e+00
2.843349218503785636e-01	-2.452777594394810884e-02	-2.744530253166741929e+00
2.841780848718410968e-01	-3.823057821505457254e-02	-2.738942575801786461e+00
2.839528371487172187e-01	-5.190386569816445028e-02	-2.732719431217805806e+00
2.836593341049323258e-01	-6.554446835093460932e-02	-2.725863185295377633e+00
2.832977469692387062e-01	-7.914922792056088008e-02	-2.718376184725954658e+00
2.828682627424590756e-01	-9.271499824588987082e-02	-2.710260929565038168e+00
2.823710841191267584e-01	-1.062386459391955196e-01	-2.701520029150216828e+00
2.818064294232374145e-01	-1.197170509208023426e-01	-2.692156199743095613e+00
2.811745325415572760e-01	-1.331471069533089746e-01	-2.682172264483256185e+00
2.804756428545137625e-01	-1.465257221757515771e-01	-2.671571153401515630e+00
2.797100251609964117e-01	-1.598498196467436627e-01	-2.660355913780904302e+00
2.788779595581212245e-01	-1.731163379891004772e-01	-2.648529710080950395e+00
2.779797414169258296e-01	-1.863222318027800695e-01	-2.636095785945599346e+00
2.770156812986308559e-01	-1.994644722141040438e-01	-2.623057507171978386e+00
2.759861048615336876e-01	-2.125400474431856646e-01	-2.609418348639778173e+00
2.748913527752727126e-01	-2.255459633503116568e-01	-2.595181894806032119e+00
2.737317806326080571e-01	-2.384792439849386658e-01	-2.580351840265137753e+00
2.725077588587337951e-01	-2.513369321376710541e-01	-2.564931990373437998e+00
2.712196726043991091e-01	-2.641160898621526809e-01	-2.548926240525105413e+00
2.698679216154449834e-01	-2.768137989491863404e-01	-2.532338614073864846e+00
2.684529201971639356e-01	-2.894271616409371251e-01	-2.515173254622993682e+00
2.669750970889605557e-01	-3.019533011373736198e-01	-2.497434410699639784e+00
2.654348953562357671e-01	-3.143893621549181394e-01	-2.479126444384831984e+00
2.638327722824357346e-01	-3.267325114961469601e-01	-2.460253832196059420e+00
2.621691992584804787e-01	-3.389799386240298640e-01	-2.440821166029678579e+00
2.604446616695719752e-01	-3.511288562410450620e-01	-2.420833149340268164e+00
2.586596587413951820e-01	-3.631765005480392938e-01	-2.400294479191330765e+00
2.568147034320209521e-01	-3.751201319222398634e-01	-2.379210158742296244e+00
2.549103223600997503e-01	-3.869570359341907850e-01	-2.357585242583581930e+00
2.529470556495164169e-01	-3.986845236774112511e-01	-2.335424896988882892e+00
2.509254568017389442e-01	-4.102999323638326645e-01	-2.312734407953996651e+00
2.488460925654810141e-01	-4.218006259250094980e-01	-2.289519182351938298e+00
2.467095428036663318e-01	-4.331839956192139462e-01	-2.265784749140010490e+00
2.445164003576899558e-01	-4.444474606447126330e-01	-2.241536760619226243e+00
2.422672709089804255e-01	-4.555884687594658478e-01	-2.216780993745118167e+00
2.399627728378678493e-01	-4.666044969074896742e-01	-2.191523334045086813e+00
2.376035369867113278e-01	-4.774930506234311700e-01	-2.165769321462761354e+00
2.351902065365234495e-01	-4.882516649788112284e-01	-2.139525337891654999e+00
2.327234369814564774e-01	-4.988779068638565239e-01	-2.112797638255642596e+00
2.302038958978522842e-01	-5.093693745994276600e-01	-2.085592572946211476e+00
2.276322627860446479e-01	-5.197236985532576181e-01	-2.057916616254203745e+00
2.250092289092349429e-01	-5.299385417614519422e-01	-2.029776367281499461e+00
2.223354971293897697e-01	-5.400116005545813058e-01	-2.001178550878535134e+00
2.196117817401405381e-01	-5.499406051885413760e-01	-1.972130018607003876e+00
2.168388082966797858e-01	-5.597233204802848361e-01	-1.942637749726884522e+00
2.140173134426498758e-01	-5.693575464485379767e-01	-1.912708830056430998e+00
2.111480447244835357e-01	-5.788411173292498102e-01	-1.882349840357505855e+00
2.082317604143882617e-01	-5.881719025950680191e-01	-1.851568444713109329e+00
2.052692293411378655e-01	-5.973478098364127797e-01	-1.820372098454129173e+00
2.022612306965900775e-01	-6.063667840152749955e-01	-1.788768339489365644e+00
1.992085538470055039e-01	-6.152268080688749752e-01	-1.756764826865662599e+00
1.961119981412733915e-01	-6.239259035154434141e-01	-1.724369340909731818e+00
1.929723727160308488e-01	-6.324621310606830527e-01	-1.691589783357983379e+00
1.897904962976708632e-01	-6.408335912048426231e-01	-1.658434177477715821e+00
1.865671970012186820e-01	-6.490384248503792142e-01	-1.624910668176255513e+00
1.833033121260713161e-01	-6.570748139101399987e-01	-1.591027499403139700e+00
1.799996880094239526e-01	-6.649409801682351073e-01	-1.556792348769931777e+00
1.766571798033679808e-01	-6.726351862435191453e-01	-1.522214043580106591e+00
1.732766511760315820e-01	-6.801557386451239084e-01	-1.487301169033685255e+00
1.698589741480796556e-01	-6.875009868475970842e-01	-1.452062376099092944e+00
1.664050288750431039e-01	-6.946693238311769658e-01	-1.416506423724968045e+00
1.629157034265766579e-01	-7.016591866187857907e-01	-1.380642177767867906e+00
1.593918935626992273e-01	-7.084690568075487915e-01	-1.344478609869327101e+00
1.558345025070191348e-01	-7.150974610945789456e-01	-1.308024796284030344e+00
1.522444407169467606e-01	-7.215429717967692946e-01	-1.271289916658190577e+00
1.486226256508757226e-01	-7.278042073643721244e-01	-1.234283235368025089e+00
1.449699816858833756e-01	-7.338798314846899373e-01	-1.197013558877415562e+00
1.412874398513245255e-01	-7.397685538341457478e-01	-1.159490623658200548e+00
1.375759373665961238e-01	-7.454691325856421802e-01	-1.121723972872530339e+00
1.338364175332239225e-01	-7.509803736423066312e-01	-1.083723199231599210e+00
1.300698294931181553e-01	-7.563011310592314684e-01	-1.045497979040533210e+00
1.262771279840460004e-01	-7.614303074551277417e-01	-1.007058069730817351e+00
1.224592730925644773e-01	-7.663668544114388137e-01	-9.684133073125167357e-01
1.186172300044111005e-01	-7.711097728585295519e-01	-9.295736037452115852e-01
1.147519687523862186e-01	-7.756581134485205364e-01	-8.905489442273619716e-01
1.108644639617240579e-01	-7.800109769143815930e-01	-8.513493749152303280e-01
1.069556947895220766e-01	-7.841675136110618505e-01	-8.119846860281541012e-01
1.030266446345614317e-01	-7.881269239709639551e-01	-7.724652111054410852e-01
9.907830058613767421e-02	-7.918884600016965480e-01	-7.328011790831396866e-01
9.511165333780741138e-02	-7.954514248571467050e-01	-6.930028493788995547e-01
9.112769692857321246e-02	-7.988151730885052482e-01	-6.530805300732254182e-01
8.712742848191171174e-02	-8.019791108780298661e-01	-6.130445741125072345e-01
8.311184794304658785e-02	-8.049426962535726204e-01	-5.729053754108690555e-01
7.908195781448999762e-02	-8.077054392833883378e-01	-5.326733648539629939e-01
7.503876288989508314e-02	-8.102669022507177354e-01	-4.923590062024914005e-01
7.098326998626267037e-02	-8.126266998076479009e-01	-4.519727924699736832e-01
6.691648789735760161e-02	-8.147844991587622765e-01	-4.115252618017848363e-01
6.283942709338548316e-02	-8.167400201653579606e-01	-3.710269417776430600e-01
5.875309911260739176e-02	-8.184930353573092177e-01	-3.304883859705114446e-01
5.465851649261735390e-02	-8.200433700460783015e-01	-2.899201607041277384e-01
5.055669250422507865e-02	-8.213909023696797096e-01	-2.493328389371072262e-01
4.644864088410911862e-02	-8.225355633139957989e-01	-2.087369955052054138e-01
4.233537556681053055e-02	-8.234773367100655106e-01	-1.681432022641047297e-01
3.821791041613589734e-02	-8.242162592068529303e-01	-1.275620231349421374e-01
3.409725895601345425e-02	-8.247524202190096299e-01	-8.700400905081551173e-02
2.997443410088567600e-02	-8.250859618491360736e-01	-4.647970242041310485e-02
2.585044807559902513e-02	-8.252170796858803170e-01	-5.999993043928952829e-03
2.172631212463997652e-02	-8.251460225769259305e-01	3.442480155621296944e-02
1.760303594829650681e-02	-8.248730910796471250e-01	7.478421336463725311e-02
1.348162760953184811e-02	-8.243986381206043212e-01	1.150677801597339567e-01
9.363093271099111325e-03	-8.237230688217663799e-01	1.552650775236656955e-01
5.248436932657335463e-03	-8.228468402987557662e-01	1.953657239874928564e-01
1.138660168471550618e-03	-8.217704614331826640e-01	2.353593862539469228e-01
-2.965238134197531808e-03	-8.204944926186853449e-01	2.752357844980224399e-01
-7.062262035948793995e-03	-8.190195454802877695e-01	3.149846977437960049e-01
-1.115141880524983704e-02	-8.173462825666876208e-01	3.545959532314668650e-01
-1.523171904796778720e-02	-8.154754186075925393e-01	3.940587864294684550e-01
-1.930217697615443928e-02	-8.134077200189341328e-01	4.333634735883720168e-01
-2.336181086977916210e-02	-8.111440019944033963e-01	4.725000478137530990e-01
-2.740964320935166884e-02	-8.086851295996160260e-01	5.114585668438280663e-01
-3.144470092475188522e-02	-8.060320173932907784e-01	5.502291676602908410e-01
-3.546601564269659390e-02	-8.031856290190960701e-01	5.888020713447872367e-01
-3.947262393234191730e-02	-8.001469767731177463e-01	6.271675879762597106e-01
-4.346356754891553265e-02	-7.969171211467532823e-01	6.653161215676846041e-01
-4.743789367527265211e-02	-7.934971703448375768e-01	7.032381750430545253e-01
-5.139465516129464867e-02	-7.898882797787863952e-01	7.409243367368958388e-01
-5.533291072589302528e-02	-7.860916534727769855e-01	7.783644904236552975e-01
-5.925172519380332570e-02	-7.821085433942106535e-01	8.155498154060296656e-01
-6.315016978470347486e-02	-7.779402457346769051e-01	8.524712179843163540e-01
-6.702732230903704624e-02	-7.735881021724769768e-01	8.891196501323292978e-01
-7.088226739350590722e-02	-7.690534993250437434e-01	9.254861768466184913e-01
-7.471409670381946866e-02	-7.643378681742030167e-01	9.615619800975991893e-01
-7.852190916445635216e-02	-7.594426834717101782e-01	9.973383627754515146e-01
-8.230481117535273783e-02	-7.543694631250685845e-01	1.032806752629937819e+00
-8.606191682539393595e-02	-7.491197675636871445e-01	1.067958706203853581e+00
-8.979234810262295974e-02	-7.436951990853823968e-01	1.102785895832425922e+00
-9.349523516015381674e-02	-7.380974030610235603e-01	1.137279334301183553e+00
-9.716971651755562656e-02	-7.323280671805230124e-01	1.171431325744151764e+00
-1.008149391627224112e-01	-7.263889176314455298e-01	1.205233941368021533e+00
-1.044300588058247048e-01	-7.202817202079676573e-01	1.238679321544793765e+00
-1.080142400742360870e-01	-7.140082796459829018e-01	1.271759742683229888e+00
-1.115666567034963308e-01	-7.075704389366618274e-01	1.304467619842057502e+00
-1.150864917244585894e-01	-7.009700786270864903e-01	1.336795509296109685e+00
-1.185729376465404078e-01	-6.942091161081870299e-01	1.368736111047496706e+00
-1.220251966369762103e-01	-6.872895048902447623e-01	1.400282271289029268e+00
-1.254424806959697769e-01	-6.802132338662273403e-01	1.431426972647614093e+00
-1.288240119718716548e-01	-6.729823279968372152e-01	1.462162734735045433e+00
-1.321690229268306371e-01	-6.655988475400040905e-01	1.492483113646130732e+00
-1.354767562548090942e-01	-6.580648848507405502e-01	1.522381535019064813e+00
-1.387464651829214413e-01	-6.503825650250282253e-01	1.551851519440731408e+00
-1.419774136314672641e-01	-6.425540451736004854e-01	1.580886734872080979e+00
-1.451688763690488215e-01	-6.345815136825587732e-01	1.609480997769196620e+00
-1.483201391634264843e-01	-6.264671894686022480e-01	1.637628274118640093e+00
-1.514304989280284008e-01	-6.182133212293067226e-01	1.665322680387362198e+00
-1.544992638640460825e-01	-6.098221866888596798e-01	1.692558484387177486e+00
-1.575257535980324197e-01	-6.012960918396861310e-01	1.719330100174602194e+00
-1.605092995107854636e-01	-5.926373709180091653e-01	1.745631775620950066e+00
-1.634492448693795064e-01	-5.838483856523276616e-01	1.771458368719720511e+00
-1.663449446114635688e-01	-5.749315232174529999e-01	1.796804745471490605e+00
-1.691957656619388906e-01	-5.658891962090683014e-01	1.821665892727594382e+00
-1.720010870563443706e-01	-5.567238419068331057e-01	1.846036945566140730e+00
-1.747603000587899524e-01	-5.474379215341615978e-01	1.869913187046108760e+00
-1.774728082755421543e-01	-5.380339195194662194e-01	1.893290047857306035e+00
-1.801380277641918826e-01	-5.285143427594328758e-01	1.916163105867383365e+00
-1.827553871383623962e-01	-5.188817198848048040e-01	1.938528085564144021e+00
-1.853243276678979146e-01	-5.091386005292072303e-01	1.960380857627228579e+00
-1.878443035867953248e-01	-4.992875545706049745e-01	1.981717451444069411e+00
-1.903147821937136164e-01	-4.893311714063752760e-01	2.002534021480101956e+00
-1.927352435621713656e-01	-4.792720592891712705e-01	2.022826871626733691e+00
-1.951051808397769871e-01	-4.691128445813834147e-01	2.042592449519048614e+00
-1.974241003355125534e-01	-4.588561710453911147e-01	2.061827344173934762e+00
-1.996915216014852890e-01	-4.485046991400860605e-01	2.080528284730434052e+00
-2.019069775105397091e-01	-4.380611053239296115e-01	2.098692139087290798e+00
-2.040700143296973468e-01	-4.275280813650750855e-01	2.116315912437983116e+00
-2.061801917893924252e-01	-4.169083336590865274e-01	2.133396745702640374e+00
-2.082370831484819940e-01	-4.062045825547325739e-01	2.149931918697063793e+00
