angle	angular_velocity	angular_acceleration
6.045014830883713719e-01	1.023023679248739937e+00	-1.226808317448466745e+00
4.531810149072217908e-01	4.298592490919925235e-01	-4.373381611249710588e+00
4.072657147897197349e-01	1.894461317381867405e+00	-1.198862312012560771e+00
3.886684903356016352e-01	1.324784847154899969e+00	-6.155464715002420206e+00
8.174015901213784741e-01	1.314400467829423547e-01	-7.798772426178004480e+00
5.343519525109138302e-01	2.886441533600342391e-01	-7.556662012891419700e+00
3.862704115475033562e-01	1.300361971915287296e-01	3.454872455346071902e-01
2.577380445937579312e-01	9.507669683868924526e-01	-6.089211057713534103e+00
6.715531437620971822e-01	-1.040200434978487021e+00	-5.117105766140695344e+00
3.662292087810327113e-01	8.553208002882464189e-01	-6.589040435551882346e+00
5.872189559396213676e-01	5.538278599498034360e-01	-4.878449757713366530e+00
7.162050495858431898e-01	-9.045403829451227340e-01	-5.062000812877138323e+00
4.205848132608920875e-01	6.962097307272010482e-01	-3.860357317671383015e+00
8.077264060370625831e-01	7.329998614263492085e-01	-4.325917624465272837e+00
5.993001951404610672e-01	3.418310916583626735e-01	-5.353173402500203792e+00
6.969364385081384672e-01	-2.606480164476787653e-01	-3.734750115630583345e+00
4.784338728958590914e-01	1.493008633513078776e-01	-4.553051436893662540e+00
4.195941368452961728e-01	7.799652442095756921e-01	-3.210870941805503698e+00
5.459643486582711480e-01	-1.179308112992497382e+00	-3.469642789014042439e+00
2.178993677649257998e-01	-2.980097009519032114e-01	-3.555611488915840557e+00
2.281663724573762542e-01	-1.034542483843734262e+00	-2.967014894054437413e+00
6.109615466685545115e-01	-1.480932395539795998e-01	-3.052133584570496438e+00
1.221654722465167486e-01	-5.730535592341750029e-01	-7.270614457855755219e+00
5.890575743299746314e-01	8.645596824144512471e-01	-2.956468545913584656e+00
6.916842730376130399e-01	5.657081469281396435e-01	-4.401835343139363310e+00
9.856261440325571055e-01	-2.266666782124511226e-01	-3.671173768467435927e+00
1.979493107982323030e-01	-1.866989167588553600e-02	-5.111912699842941166e+00
8.495482505633067394e-01	7.796496821610197081e-01	-4.548642198869917053e+00
5.704741813386201565e-01	-4.710706528536049431e-01	-8.636226277600911772e+00
6.861372882299210385e-01	5.196437110286207250e-01	-5.304188138831783306e+00
5.732641793038947275e-01	-4.615463717747958494e-03	-3.070823999440133178e+00
3.690640666103941481e-01	-7.182549572353784662e-01	-3.105663701430402490e+00
3.129619161188910148e-01	-1.082828210968997673e-01	-4.689251280792420928e+00
6.034102528379708952e-01	-4.581863561938372409e-01	-6.379573175865971280e+00
3.278513504379364507e-01	-1.281671046884905296e+00	-4.465923746976539377e+00
6.873242935626354688e-01	1.484601324106049614e-01	-2.917743380710895451e+00
6.431124867807187506e-01	-6.284351304334316879e-01	-4.306936809910228092e+00
6.597608006552756477e-01	-5.777939409490162603e-01	-3.131518201972752102e+00
4.135498909865399364e-01	-6.753173559307865670e-01	-9.089024091923505466e-01
5.863810970754479435e-01	1.771043331978681135e-01	-9.404584420004628242e+00
5.782962647494953590e-01	-2.362799806324310248e-01	-5.305967438535370562e+00
3.033070954492564919e-01	-1.030228214109245588e+00	-4.192843103604007027e+00
6.181904176250960781e-01	4.349749327263988663e-01	-5.303962507492931522e+00
6.551137652994557525e-01	-4.080037871544949790e-01	-6.098050180100441864e+00
9.796461476678199887e-01	-6.263123088101246738e-01	-7.283289265699117720e+00
7.188968171880396607e-01	-5.629069643838598980e-01	-7.831384548518966149e+00
3.331454017508952425e-01	-1.680817610022355746e+00	-7.760095069399381984e+00
6.170634241762574801e-01	-1.811068263468747830e+00	-6.865538030059621377e+00
3.137391795104474967e-01	-6.595532231946773516e-01	-6.753851850036904914e+00
4.067646937184117295e-01	-1.081578725943448838e+00	-3.456665266764977318e+00
2.084194524999885556e-01	-6.024172488968027039e-01	-6.363472201005883733e+00
3.682558970101241225e-01	-5.030887482616722695e-01	-2.185650428060959882e+00
2.714484994535615314e-01	-9.327014324838408532e-01	-8.481216155836426296e+00
2.001650593146017121e-01	-1.646263270289955116e+00	-4.933523730320920286e+00
7.620136686900245149e-01	-1.288809641449134347e+00	-5.499618382478837830e+00
5.520119401028178441e-01	-8.596080168316403425e-01	-5.235599373886562269e+00
4.745682771926114096e-01	-1.453974726762062630e+00	-4.211022420091397933e+00
3.578188602101045612e-02	-1.264501066533343820e+00	-3.403008119471747417e+00
3.983683438684599842e-01	-6.509868260237361426e-01	-4.254095596908323174e+00
2.919525424620676435e-01	-1.057418054375990346e-01	-5.796492949370075642e+00
2.587947278112343596e-01	-1.947927662011658789e+00	-5.235792465505784143e+00
4.532570254935118781e-01	-1.737056857621168682e+00	-4.942319768844401828e+00
3.780439670362625293e-01	-1.652252763803005564e+00	-5.777851194188558637e+00
4.234269918686712209e-01	-6.220621821377945171e-01	-5.514366709840913927e+00
4.344820868395852242e-01	-1.815159694569811855e+00	-5.789645209109991697e+00
1.535966569156617112e-01	-1.371486254127483040e+00	-2.483603170827961115e+00
4.013392702292196135e-01	-2.768048867979227889e+00	-3.494332743788822526e+00
3.677521767911997030e-01	-8.224195391724726800e-01	-6.465908725531015477e+00
2.203876215459731058e-01	-1.572797095661667255e+00	-4.963408449189749660e+00
4.367769424145931945e-01	-2.235598094734238206e+00	-3.539415035494562822e+00
4.478608270621513010e-01	-1.815765487816569212e+00	-2.118033936465040235e+00
1.659346059605119883e-01	-1.232382079070425185e+00	-4.842782813045503509e+00
4.804270782151822683e-01	-1.067564560594425727e+00	-4.137994087087800033e+00
2.809759805310749203e-01	-1.121635935816823082e+00	-3.852285612255593961e+00
3.646789085265030872e-01	-1.939744396244429403e+00	-2.159067842189115183e+00
1.921326220551188568e-01	-1.495552706370524509e+00	-3.266020706178827560e+00
1.708704232862736649e-01	-1.270878050667376247e+00	-5.895734909988976646e+00
3.730573036704564194e-01	-4.474842649445811560e-01	-3.938728992911634474e+00
1.462019677852246236e-01	-1.596914093551926817e+00	-2.879021934468755095e+00
2.302258653554424828e-01	-2.003680310660574726e+00	-2.881518825650897231e+00
-1.287184662686596814e-02	-6.476208170135293596e-01	-1.182192312004337609e-02
4.471727136240883915e-01	-1.069604036845593908e+00	8.249230498589765759e-01
4.593327815895050792e-01	-1.979419109844630986e+00	-1.989013132248357074e+00
1.455590819865460739e-01	1.976068594592808036e-01	-2.015157517565155043e+00
7.299188646957772697e-01	-1.835850205462902451e+00	-1.261826830652381881e+00
5.775734488973280900e-01	-1.340655180202613428e+00	-1.026629856186691780e+00
3.388853018139237339e-02	-1.458833905168756440e+00	-1.636361139430670963e+00
2.915450136685666660e-01	-1.282957853913142543e+00	-2.061236954584509284e+00
3.498191164379745866e-01	-1.101534715410187770e+00	1.593936746595721488e+00
4.029023527096041724e-01	-4.113778981181723804e-01	-1.151405071706438354e+00
2.417583051556120299e-01	-1.288474001000529334e+00	-4.088201121064123811e+00
8.100645801427128201e-02	-2.070453944161677828e+00	-2.111620659473775419e+00
6.539755048795106163e-01	-6.206501401397920281e-01	-3.587625025367251030e+00
1.868887789302390301e-01	-1.436709689681472835e+00	-3.638433080693222799e+00
1.682058962049211848e-01	-2.131980982084782816e+00	1.162028608699544385e+00
1.663195018472214959e-01	-1.668765145007724104e+00	-1.214069516611173682e+00
1.843881972588168883e-01	-9.631228806915869134e-01	-3.865299820806125553e+00
-9.538569249009562490e-02	-1.783925263872822242e+00	-7.133027675655743138e+00
1.946447495941034667e-01	-2.224317283064193518e+00	-4.548987849900293590e+00
3.021393054487988006e-01	-1.489139814743748680e+00	-2.437298948449223346e+00
3.760071564954353684e-01	-9.792955983580781121e-01	-1.226466767415796966e+00
7.101685286785054674e-02	-1.497399263738875996e+00	-7.118884123796392904e-01
2.227071270015841542e-01	-2.046587286359728530e+00	-1.005370809581778158e-01
3.169957990336454978e-01	-2.422512608668113465e+00	8.686289840730445633e-01
-2.009194533766723301e-01	-1.595153095045827696e+00	-1.836588571586642349e+00
-2.372315996443346564e-01	-2.031876752233455541e+00	-9.855991342036258818e-01
2.689955783786122101e-01	-1.285795023927291503e+00	-1.507925661337624179e+00
1.367394792100181666e-01	-1.405808188612186704e+00	-2.448392584943645645e+00
2.946765888111574361e-01	-1.625019782781224720e+00	-2.710651230445012327e+00
-5.673371076944655478e-02	-1.628172596868812771e+00	-3.971166060051476432e-01
1.211741589353470538e-01	-9.443243376326883043e-01	-3.980914632917253559e+00
8.314149926657396494e-03	-1.741962401838440977e+00	-1.585619139349367490e+00
1.479185212006025596e-01	-1.032003482715432297e+00	-3.427497508898855738e-01
-6.933403347988004173e-03	-1.523721232083238286e+00	-1.987943580669208732e+00
7.474108810117575941e-02	-1.706508193940913465e+00	-1.007865283617893626e-01
-4.023957866548462103e-01	-7.268384606526512304e-01	-1.085211947072596050e+00
1.259235393878622156e-01	-2.345371066975797447e+00	3.732122581987954213e+00
9.883105335019849724e-02	-2.301600861551272637e+00	6.075342652802140364e-02
5.355435729210163837e-02	-2.606804661000364121e+00	-5.706344760098491786e-01
-7.692283182213267845e-02	-1.804298474597027191e+00	2.846073986075100537e-01
1.815086773911754603e-01	-1.675381939588951097e+00	1.230041703034081557e+00
4.089664404066607473e-01	-1.939886207898923853e+00	-6.930595825782828179e-01
1.436478379874369105e-01	-1.817235137901751951e+00	3.579033396426316571e+00
2.502660619142299883e-02	-1.359264106886625578e+00	2.555413047842733487e+00
-1.766019621984045163e-01	-7.357199324866746659e-01	-3.011141850956923882e+00
-1.259853164105241563e-01	-1.356189035892168215e+00	-3.971024522993647388e+00
-3.826338851267052643e-01	-2.618672017124986429e+00	-1.217709446348038682e+00
-3.828460571502232956e-01	-1.253671804956564495e+00	1.951993508327263260e+00
-1.134482126248613498e-01	-6.832535190597393004e-01	9.602457767780525622e-01
-1.082864224426171862e-01	-2.670444716940784335e+00	2.164262688621250597e+00
3.299914407569951580e-01	-8.544302780532054831e-01	1.501733292498266259e+00
-5.462195502143016301e-02	-6.759431772692875429e-01	2.912829621009258130e+00
-1.958328777307144497e-01	-3.728352590297050462e-01	-4.496445533728963273e-01
-6.079492009506339001e-02	-1.007718550770635435e+00	2.031629810182296936e+00
1.709487570339921769e-01	-1.934422607694910257e+00	-1.816676705840353900e+00
-2.628519130381761770e-01	-2.580043750169240369e+00	-2.818388570543184368e-02
4.464218172599136725e-02	-1.527344708777736093e+00	-7.276661536250430551e-01
3.486690815301983493e-02	-2.381898306302326240e+00	3.163840260968130647e+00
-1.990020472033124377e-01	-7.581092396871057515e-01	7.707502932853216304e-01
-1.960763199662279854e-01	-2.703756004808454350e+00	-1.476913901222676184e+00
-2.487858393338933105e-01	-3.159785535811968415e+00	1.954433675505385271e+00
-1.914306863668216452e-02	-1.146309387345780806e+00	-3.926298852476675094e-01
-1.100343232548428862e-01	-1.004387521067677591e+00	2.566649083085302152e+00
6.993657652256263235e-02	-9.018265424861044988e-01	4.867009621987854473e-01
-1.051384450111054331e-01	-2.057398810579215365e+00	-4.038320384571769672e-01
-2.162747876901807143e-01	-1.653826403902124875e+00	-1.061767637233138384e+00
-1.439929184972098819e-01	-2.621861159482872239e+00	4.401212274432476868e+00
-9.335170883555013455e-02	-2.337616858627346250e+00	5.091147357709356669e+00
-5.876092587162360381e-01	-8.124408308762720576e-01	-2.719542623856838759e-01
-3.604896893955987225e-01	-1.124470406803170341e+00	1.803927804091136622e-01
-4.094758259630096320e-01	-1.763503664765577739e+00	3.356431698022473320e+00
3.311893969143882011e-01	-1.567106471872602436e+00	-1.593218544088740529e+00
-3.510624315448984123e-01	-5.637665404815784820e-01	2.193085515541238539e+00
-3.851696422483205096e-01	-2.225539237593120223e+00	5.837981496298052519e-01
-9.554804329083255166e-02	-7.983046396856208204e-01	2.176734486166612026e+00
-5.819594749446530546e-01	-1.773480916310151034e+00	4.722791777446533779e+00
-2.213181968433858282e-01	-1.606593128155509920e+00	2.127797159524809523e+00
-3.835762925991417771e-02	-1.901426873680424734e+00	4.552718451276477118e+00
-1.823228286277172594e-01	-2.206898499763961130e+00	2.613037299546643322e+00
-5.804416697932351932e-02	-9.500589143223869826e-01	4.374463786402842835e+00
-8.904735182521891779e-02	-3.054952801282673214e+00	4.764877192789925608e+00
-3.582612263758226390e-01	-1.278288831825788341e+00	4.987396713379165902e+00
-3.392273179353855195e-01	-1.595149818940031716e+00	6.032227551760831474e+00
-6.190766247125649713e-01	-1.373348482116436120e+00	3.963270485325991466e-01
-4.219162171559385222e-01	-8.763761926554158865e-01	1.796083951477056573e-01
-1.378965088598838040e-02	-1.336438579898736378e+00	2.776419272972287633e+00
-6.088112979720896600e-01	-1.095589900201556999e+00	4.394859607269715696e+00
-2.830020512430890811e-01	-7.384252534585816763e-01	3.045490804631523218e-02
-3.489230897201701098e-01	-2.113941209879346417e+00	4.239796876283527638e+00
-2.410698290833698243e-01	-1.647242064483791069e+00	4.841578821574556990e+00
-4.818492588202761828e-01	-1.225404545448029570e+00	2.424363463149319387e+00
-4.768171094109514563e-01	-2.245485501302919573e+00	-4.285831001402389262e-01
-3.199535334185698021e-01	-1.701205408175878508e+00	4.467648930310530453e+00
-4.500307646704846953e-01	-1.172621470996592308e+00	2.827757853451205339e+00
-4.114211945023887318e-01	-1.206328986459211938e+00	1.279848495712905709e+00
-2.285535812791728016e-03	-8.062098952465902579e-01	1.452313231064671584e+00
1.462458048696030355e-01	-1.717864463793135288e+00	6.275637202810941062e+00
-2.321311057812192047e-03	-2.792192212079821267e+00	6.415724348928606879e+00
-2.235884924439557331e-01	-1.015340057328150136e+00	2.052940812987556374e+00
-2.649965759807086929e-01	-1.470668603311859890e+00	4.928843989105645917e+00
-3.290861514470569960e-01	-9.971586238677014880e-01	6.932126059139735119e+00
-4.019571201409689598e-01	-1.650391311008685635e+00	4.689425204393049995e+00
-4.814577460126016617e-01	-4.842825132924052367e-01	1.802813267253355889e+00
-3.628833305093201456e-01	-1.080591654867731455e+00	4.910526928464508778e+00
-2.004883293111081877e-01	-1.081682345239912468e+00	4.971105558919113321e+00
-7.514996440748604734e-01	-8.334989220858937120e-01	2.880524838357730655e+00
-5.524248850805899558e-01	-6.471399600250732354e-01	3.039814641431698217e+00
-5.457162912470994165e-01	-6.816294375984750520e-01	5.422694589145695687e+00
-7.138169109462634276e-01	3.818755138694795992e-01	4.740198516914781557e+00
-6.738524079478793727e-01	-4.519680729908198136e-01	6.527010421946972230e+00
-5.036309877187313822e-01	-1.139282923536102166e+00	2.773769658422049478e+00
-2.218646651434130757e-01	-4.361126798153002193e-01	3.529833947574208874e+00
-3.256490452842121242e-01	-2.530079056861146647e+00	2.675612784409292289e+00
-1.617208615060336530e-01	-2.873449751356312865e-01	3.106510144325025813e+00
-4.414716863273976388e-01	9.035803712266899934e-01	4.233318249520776178e+00
-8.695667405221999546e-01	-6.569494712523595847e-01	5.623543126907523337e+00
-3.102139073112071821e-01	-1.531026240579788755e+00	3.364703509807299042e+00
-7.226261797793533947e-01	-9.537686970274426024e-01	3.017194213038473016e+00
-4.383574055670198533e-01	9.917137932053269322e-01	3.547018018368337078e+00
-5.444991123167997049e-01	-3.693660219522810206e-01	7.715988452898318251e+00
-1.940027218883336180e-01	-4.519446836827379910e-01	5.226320200684217987e+00
-4.085555030298694823e-01	-5.482388046800901193e-03	4.683988352862857418e+00
-2.169951089975021841e-01	-1.062762411302863530e+00	1.540657484845572078e+00
-4.552186559225964713e-01	-5.343895193458400028e-01	3.961422594687465715e+00
-3.894428313808342978e-01	-4.088546537884942267e-01	5.569795897137674423e+00
-4.101099576041902228e-01	1.638503417240896876e-01	7.791742098510725079e+00
-5.584028695047353885e-01	-5.130658221338024738e-01	1.013686596856896660e+00
-1.753405072088745631e-01	7.280946589051096041e-03	8.304307945544547209e+00
-1.543216841680545293e-01	8.505114453798736651e-01	5.547410140690279157e+00
-3.246783052778547951e-01	7.809799716840470918e-01	4.844217490196905729e+00
-6.440690525583763204e-01	8.269766881028197680e-01	5.706317714460992008e+00
-6.555115139496273668e-01	5.540883470410680189e-01	2.136393603644123118e+00
-3.534888437022474239e-01	-9.537540935118591356e-01	7.288443811783618997e+00
-7.529160628245511466e-01	4.994001488168599567e-01	5.606549910258202374e+00
-5.286145011107351577e-01	8.243440205069298976e-01	1.077067841929474579e+00
-6.238902606044272048e-01	-2.638735514869443577e-01	5.626980651556907631e+00
-5.945085485453859286e-01	-1.024174357541101088e+00	6.188669802749512172e+00
-4.317067986005685420e-01	1.929291839422912769e-01	2.621086625466289899e+00
-5.381471826182823159e-01	-6.141863666741791405e-01	5.218569872862179437e+00
-5.408444736263186003e-01	3.701436567261304766e-01	3.401533913358356642e+00
-3.145529501387015481e-01	5.717960582151096482e-02	5.535179146383488735e+00
-7.438353306036367130e-01	-1.303089155208946304e+00	3.099656141832167755e+00
-5.655824284938550939e-01	6.533177477519153120e-01	4.450989913306090173e+00
-4.489716352645459763e-01	8.179801723103952149e-01	2.201217801699409726e+00
-2.933330541877889330e-01	-6.573974481856972307e-01	4.839025666630445421e+00
-7.671368329937340302e-01	4.095108298143775721e-02	3.858189913913451008e+00
-4.582729689809086349e-01	-8.492288617061863887e-01	8.311785528639708431e+00
-3.228484387965568914e-01	-5.659568796247255174e-01	6.910599813614839881e+00
-5.879551308806364451e-01	-2.577388815875255590e-01	4.295798919910085445e+00
-5.216251913626276382e-01	5.519798979613128598e-01	4.886074611287854808e+00
-7.329053692177760482e-01	-1.106299091090118036e+00	3.722544503670493832e+00
-3.111850826185361685e-01	-6.197113633253810150e-01	5.205367242543335493e+00
-1.048657624962820556e+00	5.013226126516708847e-01	9.027210372163234631e-01
-8.590504815367827618e-03	3.436053701197309129e-01	4.447838892699658153e+00
-3.611498156522403580e-01	1.012347251862382391e+00	6.604332928440859618e+00
-5.786837470648958925e-01	1.331879060137759252e+00	3.750266633358432244e+00
-4.804813002440118663e-01	1.714988734137707083e-01	3.396913041215698037e+00
-3.189770357829717629e-01	-6.346446203990441237e-01	3.087017693401264751e+00
-4.931844056091376216e-01	1.569121128968789858e+00	2.442935238849776258e+00
-4.210157937701471398e-01	6.887338036471801761e-01	4.086690984697538553e+00
-4.855509130089991632e-01	-3.277906718291093702e-01	4.258872105557584220e+00
-5.014474364144461127e-01	9.891983396613250878e-01	2.083915659625870109e+00
-7.696495892864356758e-01	8.037326564113200789e-01	2.514918853707320157e+00
-2.433040326315313862e-01	-2.379236088470425003e-01	6.023534258571045186e+00
-7.533979871240548132e-01	1.053490532991323114e+00	7.334391450227529141e+00
-5.284720931801025756e-01	1.637308617760364071e-01	5.531197163274365280e+00
-6.159454508759740765e-01	1.784206033804151548e-01	5.387572502618173331e+00
-1.511910883850391962e-01	2.438464582014185922e-01	8.740052281562441294e+00
-5.730643268914460409e-01	9.998155357771868479e-01	7.195406697352649594e+00
-7.479483895515356418e-01	3.990867023004873726e-01	4.690796773032816169e+00
-4.178689128391478991e-01	-1.079344540698160548e-01	8.458854574577724605e+00
-7.388898600908702097e-01	1.057766489826470924e+00	5.419229844347672298e+00
-3.637383700619640781e-01	1.193654614154440630e+00	7.039148328359924101e+00
-7.753174147747887712e-01	7.179954137168088613e-01	4.453539789390511316e+00
-2.448737466331468715e-01	9.784156890415605101e-01	1.889984230726025505e+00
-4.411198254373924765e-01	6.787405518167604068e-01	6.444470009383926445e+00
-4.391941513709111677e-01	1.881811004736810844e-02	5.375804030698841274e+00
-7.436052495702871745e-01	1.098608748620748088e+00	2.178734280118744149e+00
-3.779160221762685179e-01	6.642459207954030109e-01	5.310089869105199867e+00
-4.764978801495507454e-01	-3.051278378693900173e-03	4.096989372438150312e+00
-5.921672529590060741e-01	-1.158801175653778603e-01	2.734354765305622159e+00
-6.364461708629624015e-01	1.125618955061326920e+00	4.148651429274957891e+00
-4.483916015339544092e-01	1.032118515842418205e+00	1.709072898985164457e+00
-7.147174330976221457e-01	7.792085628939720010e-01	5.557971747208153346e+00
-4.223033769353932709e-01	2.086772746641160303e+00	1.882875256248552454e+00
-8.452239157211334231e-01	4.985897170343944751e-02	1.899400999937911561e+00
-1.028569439803876384e-01	7.867253665939815122e-01	1.918208452526889207e+00
-4.910123443266012910e-01	1.141709594193027755e-01	6.367277504661775112e+00
-3.814014629547585744e-01	1.031312307721109933e+00	4.440632225470491079e+00
-7.225757449973391200e-01	1.395790123105190350e+00	6.552466134093001493e+00
-6.512425833811417153e-01	-1.745781210055745714e-01	3.402336542144984932e+00
-9.449820606139603951e-01	9.227132690498481837e-01	3.500103867779606137e+00
-3.977862571037258932e-01	2.496749655222248343e+00	9.484834556557508733e-01
-4.225245270393329644e-01	1.530856327405085926e+00	1.817881109484994262e+00
-4.200714886750923638e-01	1.023514163047926084e+00	5.818971483093628549e+00
-4.221470323041912609e-01	1.455733045686727456e+00	2.488557201053052559e+00
-2.298143075836716065e-01	1.844925974122914480e+00	5.144849755136712055e+00
-3.037158857915863708e-01	1.258268884477405924e+00	5.130936330354187724e+00
-2.640659834632120839e-01	1.257097130410089969e+00	4.641321135315811475e+00
-3.160516586386760141e-01	1.317005025461281509e+00	5.724308202723998207e+00
-5.691437789893841748e-01	1.875073299089298873e+00	6.262051822342936447e+00
-5.020069257993517997e-01	6.390176534283145138e-01	6.736345352155638899e+00
-5.717229235154164257e-02	1.407957694726857945e+00	-2.705852680024003476e+00
-1.351370507148411948e-01	1.316056186585870647e+00	5.381015278114741562e+00
-2.107480712550821034e-01	1.883079826435227755e+00	5.189151035942823675e+00
-7.312693884521261900e-01	2.147507319095093958e+00	4.013612978200997716e+00
-2.464044972821336499e-01	8.990017262096123840e-01	1.489885158837633394e+00
-2.450547495783498841e-01	1.727004496774817266e+00	2.156305079680210124e+00
-1.583984453501093570e-01	4.966072680996983513e-01	3.135383555936241962e+00
-4.281768632194912216e-01	3.702408433006760813e-01	1.389190093103541690e+00
-2.193781351206229857e-01	1.297098983655086357e+00	1.355883256035390172e+00
-6.479338125372275936e-01	1.781810318833922713e+00	2.597033058423154905e+00
-2.996993976332176235e-01	2.318481933380758253e+00	-9.973642299338920658e-01
-1.397518711796544300e-01	2.062148339438103939e+00	2.222574728897988905e+00
-4.772454827284944301e-03	7.142328002445875734e-01	1.628961212420639182e+00
-1.130215971211498416e-01	7.452637133760178223e-01	5.053843210492423133e+00
-9.025535460342806737e-02	1.109351459214003244e+00	2.053573278035493388e+00
-3.879506485000375204e-02	9.553536412496390628e-01	4.164596480807671863e-01
-3.438093833776622033e-01	2.141331914993887420e+00	3.926473690546452566e+00
2.016941832512016142e-01	1.873783049111507282e+00	2.266265216151754913e+00
-4.920168220290249694e-02	7.337507010382912087e-01	1.063368608762987000e+00
-3.008572847167576003e-01	2.160978874584071452e+00	3.315518643477723959e+00
-4.381965887152245442e-01	1.152672407118148890e+00	7.813416114886453379e-01
-2.160644489781079480e-01	1.681944654547013585e+00	5.626214908827950723e+00
7.403486224068631105e-02	8.413317323459983399e-01	-8.384242071315011202e-01
5.384608865280418599e-02	3.859861830104742708e-01	9.788034782923428212e-01
-1.378856560815362176e-01	1.652668952391815882e+00	1.461257921863905684e+00
-4.953029149729976099e-01	1.578330655217748957e+00	3.941116680263463401e+00
-1.578245108626155357e-01	1.371658701365163102e+00	-3.462272719204045224e+00
-4.561067920439622336e-02	2.255858698436260301e+00	-1.504429645808382343e+00
-1.574680035753725782e-01	2.201187978040685334e+00	5.241615853761239840e+00
-5.123834033071381078e-02	1.452727576795507902e+00	3.197637226016965872e+00
-1.251204053669519589e-01	1.622145244959943389e+00	1.264689184608730699e+00
-1.718811040374110533e-01	1.588007973795445116e+00	-1.690459464453053506e-02
6.236670622882803383e-02	1.238894176458564811e+00	3.956429937323169721e+00
-1.042492072561470029e-01	2.584346379591302423e+00	1.761228233504519292e+00
-4.654586738880081564e-02	1.803794028376285219e+00	5.435599083806691212e+00
6.510641927328833511e-02	2.540589441412842930e+00	1.419832714472847535e+00
-2.982260553405778891e-01	1.876112359218745862e+00	-4.621602395457797829e-01
-2.770289648226716417e-01	1.974286604949924806e+00	-1.609693406585595010e-01
-9.499187813269521774e-02	6.258646636559432874e-01	6.069319227339050604e-01
-2.489827373941058686e-01	1.163749323221606069e+00	1.469620192129974079e+00
-1.017002456833881463e-01	3.975896480061558602e+00	3.180502051388406137e+00
6.395950124735289011e-01	1.443039444003229699e+00	3.596804601152115977e-01
-2.316813323307610750e-04	1.834616601225576904e+00	2.980542799744567706e-02
2.112968260156262990e-01	7.395026074166395347e-01	2.148178876689540662e+00
9.418745286775288827e-02	2.365411179286547760e+00	-3.670858360871815940e-01
-8.457687072105368742e-02	1.862229568964031801e+00	1.424716318190158315e+00
1.357854063202115075e-02	1.119517307478417045e+00	-1.453976641156050853e+00
1.067288461510824127e-01	9.594327818825787446e-01	2.891253303233057181e+00
1.466976974939450673e-01	9.837448728118319830e-01	6.724286605263622540e+00
-2.927097282922869886e-02	8.099711783241994034e-01	-3.767126728486644982e+00
3.180971148552729222e-01	1.951286189077884092e+00	3.568066992481346844e-01
4.429189021253551739e-02	1.477125774816265169e+00	-1.283859243542440964e+00
6.930981950043428597e-03	3.745624266953599957e-01	-8.686514352084035995e-01
-2.530889770698527275e-03	1.893459846185677975e+00	-2.147513677838667867e+00
1.582855135958131099e-01	2.251893789234297394e+00	1.884729433197661397e+00
3.312650197415741848e-01	3.260205254942329933e-01	-1.354724339373070796e+00
2.128543089199043670e-01	1.243952606242373804e+00	-3.918035905284465326e+00
5.053511567528023996e-01	1.210574568770921733e+00	-6.024298351557286768e-01
1.791782701153744606e-01	3.116369435263810939e+00	-1.312569119062529044e+00
6.261011586186537858e-02	1.607062924667460591e+00	-1.576792183227659017e+00
3.542097850243061119e-01	1.335590567652482186e+00	1.702436350030410050e+00
1.101482225523836012e-01	8.617734405439312351e-01	1.306608009713396079e+00
2.450127123480340674e-01	1.736915069469164630e+00	-4.088515721666074576e+00
3.733716827704927077e-01	8.960741290711544682e-01	-1.349213505932197910e+00
1.056814058223246450e-01	2.074322684923944671e+00	-3.064959480751265453e+00
-1.795915647082697020e-01	1.104733237797898227e+00	-6.288512594668976829e-01
1.462045068605828113e-01	1.413574050135817828e+00	2.073489194067076546e+00
2.260097638422804978e-01	1.117661577800350248e+00	-1.427241891571298549e+00
-3.852222639426877704e-01	1.651252550460887036e+00	1.858670961243106934e+00
4.800903620717469344e-01	2.174598911590105210e+00	1.481600228001145325e-01
5.436644385389379774e-01	2.614046035759009623e+00	3.021473180175446416e+00
2.873147832049419148e-02	1.167946781303333514e+00	-2.229655489062078999e-01
2.227603469476555353e-01	2.141123149496786837e+00	-2.160448642654194895e+00
-5.672994425007210628e-02	6.539509743025684330e-01	1.573938972751585119e-01
-6.754215909926417072e-02	2.052431856360422913e+00	-1.447640130939190861e+00
-7.103352404383353469e-02	2.551960704033582328e-01	-2.962178212427382107e+00
-1.516646060855116607e-01	1.121491763804899566e+00	-1.128096075354368288e+00
9.181252856377070115e-02	6.863946984937112639e-01	-3.041614937560623844e+00
6.571098678973593676e-01	9.335641002624883722e-01	-2.230219911549593981e+00
-6.910402699351725353e-02	1.371535262721744308e+00	-8.404197861163391625e-01
1.695307314494030049e-01	1.772992292804675962e+00	-8.518782208291312941e+00
9.058470383280967098e-02	2.296885225189483570e+00	-2.676189303431378175e+00
2.573157204832432488e-01	2.864736355546865454e+00	-1.317896933308981611e+00
3.846909608224859389e-01	8.147274829512450856e-01	-2.537832839484475578e+00
4.474233907688964784e-01	1.677357591899141909e+00	3.031391801101301908e-01
3.811206591979890423e-01	1.882441700838655363e+00	-2.229433085109272739e+00
2.845897425099089828e-01	1.363048483393735300e+00	-1.610385760143415723e-01
1.019156844178420729e-01	2.136610124295159174e+00	-2.150037555590628369e+00
1.885816701981597177e-01	1.760890341073196641e+00	-6.528300426084379104e-01
1.897864971828265024e-01	2.787105913821108949e+00	-6.443938680907774774e-01
3.088758227289694624e-01	1.479922430113821630e+00	-7.855106084392202703e-01
-6.455768972837505615e-03	2.447241015771264294e+00	-3.319764545742757367e+00
1.167778542382268969e-01	1.197385501963861509e+00	-4.877496559951429056e+00
6.490435924009986257e-01	1.549401754078441940e+00	-1.414162728232550625e+00
5.643271957316854381e-01	1.281930104173555129e+00	-6.711925827883685969e+00
4.261160583499599697e-01	5.653221464048693301e-01	-4.947081240992561746e+00
4.878544023609163727e-01	1.299089237831722032e+00	-1.948477079872212414e+00
3.007397291344855450e-01	1.054439457050631912e+00	-4.186007295813219287e+00
5.307839006091463752e-01	1.221091635046360757e+00	-4.140649445963606290e+00
4.838261617916612689e-01	1.736565742210910201e+00	-5.442548509004636159e+00
7.595142728923243158e-01	1.321481307680149264e+00	-5.012086013836061227e+00
2.861382760829555560e-01	4.261138628228762215e-01	-5.118990522529249354e+00
-1.091170929580798088e-02	7.991136655958497315e-01	-3.676449988200699792e+00
2.171778613124298041e-01	1.651363601668863090e+00	-1.076998222138718653e+00
1.569245386376715290e-01	1.293530030317280533e+00	-4.607285370023157967e+00
1.043027525811718315e-01	-1.931369383566164943e-01	-6.463581997690779346e+00
4.901173467098297043e-01	8.299129360875877603e-01	-4.801929562251716632e+00
3.522481519953214457e-01	1.250597820840105845e-01	-3.022885325396773126e+00
6.158712663578813640e-02	7.957324099654248251e-01	-1.525913780677655929e+00
7.282650208402021708e-01	1.432393303813687790e+00	-1.496042767735431323e+00
4.319455785681004523e-01	-4.390307811382709868e-02	-5.796263419094088043e+00
4.666272096802515090e-01	6.521633461258029563e-01	-1.146636427422461413e+00
5.768366466910556101e-01	1.002247940479342958e+00	-2.772433528205684894e+00
3.742953631174549267e-01	1.564112492093841844e+00	-4.994416493545554836e+00
2.555767329996211368e-01	4.013740249709842889e-01	-5.266003486975090020e+00
5.718014993380395872e-01	1.477470857348628375e+00	-6.146643485409931884e+00
6.359971799533340464e-01	-1.456489276550019252e-01	-4.620017603070420975e+00
6.963831245558290695e-01	3.308134907475794306e-01	-3.876529354892422674e+00
3.327163713200432249e-01	1.725179329583580445e-01	-1.093167657556195493e+00
5.230511910223761829e-01	6.696123113303503738e-01	-3.789154732500579215e+00
1.432702975664384426e-01	1.772502190369237840e-01	-3.620913232161278916e+00
4.438863817232329145e-01	3.969207422877937264e-01	-4.992066519155104132e+00
5.003463302565027693e-01	-5.214581935221176412e-01	-4.207847968321932974e+00
5.293746025256876875e-01	6.763517461636640027e-01	-2.297970927632671856e+00
6.633447279245427985e-01	4.175763466643052091e-01	-4.667500135335175493e+00
1.076856801565836186e+00	1.509668913260800105e+00	-4.554132699023238473e+00
3.527163145493090735e-01	1.326175688407633668e+00	-7.246977756896851197e+00
7.372150853571584062e-01	-6.611103298245746274e-01	-5.989716009777155570e+00
6.773299202615771231e-01	6.953507807226610993e-02	-5.075480565326462745e+00
3.336376063213243870e-01	1.099818498217224771e+00	-5.348307619440685556e+00
6.871519711677287479e-01	-2.214822937379368750e-01	-3.668619925662908177e+00
3.875498141096692106e-01	5.338960148794824612e-01	-2.469009896683219907e+00
7.151583433474802964e-01	2.095383329623222157e-01	-4.103629658135846014e+00
4.473342783578170279e-01	-1.100645048956053529e+00	-5.625730559588120627e+00
5.156008673816402377e-01	1.353925741884088874e-01	-3.756583863254892464e+00
2.602070933434811328e-01	1.349543140537417418e+00	-3.377305124434763606e+00
5.871861817229803160e-01	-2.962066733609824976e-01	-5.491892797068374854e+00
5.037991218067776611e-01	-7.964561577870019615e-01	-5.696785777673696316e+00
6.001032985646500562e-01	9.914144132158775324e-01	-3.933671701277102972e+00
8.675582292389831807e-01	-3.779737876448274747e-02	-3.638114073969260787e+00
4.084190710512728417e-01	1.195498531283200938e+00	-4.388660631200045792e+00
4.157269441973627799e-01	5.578491201093314089e-01	-7.933121480069955211e+00
1.031963435498724824e+00	5.377975216460039176e-01	-5.460134389730810334e+00
6.400516131928882801e-01	-3.221712518563210059e-01	-7.965657006369578852e+00
6.176334725509258217e-01	-5.086205892669224404e-01	-2.931942435674551373e+00
4.050229480499901724e-01	-6.887292121785226762e-01	-6.986890273231978199e+00
5.605567838377125689e-01	-1.288335417706391484e+00	-8.366036962663388366e+00
8.394092379045029473e-01	9.302748448744109500e-02	-7.790000021823276555e+00
4.889132577556704606e-01	7.147225408367023913e-01	-5.519414017077334478e+00
3.960609381153442632e-01	5.966409549356871400e-01	-6.563475101827060065e+00
2.916008012020075424e-01	-8.745317819623535938e-01	-6.051016897216650037e-01
3.114524690168190002e-01	-3.288908240535582395e-01	-1.028097654071114420e+01
7.321898564081076310e-01	-9.603129782182224794e-01	-8.669941770483415411e+00
9.634103142897409988e-01	3.701267449876235460e-01	-7.859923657984253076e+00
4.830301394149139615e-01	-8.913308738579907020e-01	-5.690859030500456939e-01
8.447115789297525712e-01	-4.494856986977260327e-01	-6.634012694630352591e+00
1.848424738061599792e-01	-3.826289541298532049e-01	-6.073805845227017386e+00
3.806367668547711025e-01	-5.197366387752613281e-01	-5.918025809961661388e+00
8.982388078877412418e-01	3.022177418672603033e-01	-6.468259014330500989e+00
6.166178018625748658e-01	5.668292993799715074e-01	-8.454066034044524613e+00
2.526417763889473589e-01	-1.540250974201066159e+00	-7.337983686145022055e+00
5.700047644794826729e-01	-1.805689166839699877e-01	-5.828923614361476879e+00
4.369160719528746295e-01	-8.217096471706968330e-01	-3.819629486355310188e+00
7.884066771838287302e-01	-7.522627896673841352e-01	-2.558916077469713279e+00
3.643851918886688579e-01	-8.303490222897889073e-01	-6.142217270709741328e+00
6.600423796122137921e-01	-1.356857507843419075e+00	-2.522451499596618518e+00
5.263387502628086301e-01	-3.285340482341287394e-01	-5.407948681290283055e+00
5.236566480539311952e-01	-4.221949277353935770e-01	-5.281145078853784369e+00
4.723909158898763616e-01	-1.902445069944874168e-01	-6.746767945468123528e+00
5.731347418604674226e-01	-6.173330330350619288e-01	-6.917981595470141798e+00
5.858050205399976118e-01	-1.366338727016820798e+00	-4.212829950637885901e+00
7.419814228049819160e-01	-4.510045083352112183e-01	-4.866895250727936606e+00
5.612991551217814123e-01	-5.548537976904222013e-02	-4.818277200574641483e+00
2.566541840938824093e-01	-2.327921477114439641e-01	-6.923877041410250399e+00
1.188401083913310230e-01	-4.418637860071287227e-01	-6.727072686631695220e+00
5.758510971217382091e-01	-2.108561820261765973e+00	-7.260461984782373257e+00
8.410819230212353004e-01	-1.706147440437157048e+00	-4.520619949211857502e+00
5.816622509610028802e-01	-5.085329131146123505e-01	-2.485757045624563233e+00
6.894263475244861716e-01	-1.358703411162702768e-01	-4.273203207935559078e+00
1.118662084149763203e+00	-8.048299826092699671e-01	-3.415045271702335405e+00
3.930749424540845860e-01	-1.934664390982623772e+00	-2.738288910444960589e+00
5.452842542688151051e-01	5.179807450846856121e-01	-5.805148784297511355e-01
5.449949448712450017e-01	-1.391933826154819753e+00	-3.133444022701520559e+00
5.890583972182443784e-01	-1.498171209977047003e+00	-3.112401702573451612e+00
3.822467746137984679e-01	-8.262304747584963138e-01	-2.676450377275067627e+00
5.607310908795082316e-01	2.020249554909713252e-01	-4.116105472854432179e+00
5.822584564549517783e-01	-1.837740290256496323e+00	-3.129099422176155887e+00
6.614756127985508272e-01	-1.321473990781096397e+00	-3.152545587035769703e+00
6.489590255439886546e-01	-9.959231760714284398e-01	-3.060829499363645567e+00
4.761390053879531181e-01	-1.702288608213220922e+00	-3.743955076862163889e+00
1.997225430469009022e-01	-6.259622804741108437e-01	-2.672491129498097084e+00
7.339742889074043486e-01	-5.865584261340248684e-01	-2.805300928513010383e+00
3.734161392065672436e-01	-9.125953329653931911e-01	-4.534192442785941246e+00
7.057760932551168098e-01	-1.750754322327081169e+00	-4.356744064162603181e+00
1.929940845934418336e-01	-1.282423126524193657e+00	-5.838760992430624519e+00
2.308063852084686063e-01	-2.175294873791507655e+00	-2.808180678496459581e+00
-3.493847849870612698e-03	-2.695986660948912483e-01	-2.677991398806243595e+00
7.437555778633608838e-02	-1.624803167552303362e+00	-4.006658988694846713e+00
2.218686392918142181e-01	-8.253409501995406794e-01	-4.055550421121497884e+00
6.499878095793236721e-01	-2.110126397654113806e+00	-6.831185529485193086e+00
5.344073852560989879e-01	-1.263899889622563499e+00	-3.778568574213164499e+00
4.133545087962121611e-01	-1.442076482063880061e+00	-2.021490775060432288e+00
5.705783040720431298e-01	-2.264460614760065660e+00	-5.055486645517454747e+00
4.523474555477688397e-01	-1.061278778147205948e+00	-4.869272480509311940e+00
4.567758393845810505e-01	-5.677264126899371766e-01	-2.806432704551279134e+00
2.540017565959620804e-01	-1.586322086299427392e+00	2.282824363719986316e-01
6.935062409811314499e-01	-1.588420865513265445e+00	-4.222540817456548190e+00
3.744488020315740462e-01	1.483167296960672399e-01	-1.834528782708343853e+00
1.197803441913971034e-01	-3.537980265182290029e-01	-4.199828222944171685e+00
6.188726522158227716e-01	-1.144376408269837553e+00	-2.102955983669998474e+00
3.153272812824380322e-01	-2.928152146948344470e+00	-1.840495051060382581e+00
4.793181558223695848e-01	-1.850445594703777896e+00	-2.010648230923876234e+00
5.116109668645796305e-01	-6.321185031940554921e-01	-2.203338249233979251e+00
4.308360214612244610e-01	-2.033106373241932552e+00	-2.335187289008314071e+00
1.446556511292903524e-01	-1.380059088700244851e+00	-1.930123431758532071e+00
4.459893595636315045e-01	-1.719037983776662948e+00	-1.457195769534013641e+00
2.551934821181070512e-01	-1.244646722912591041e+00	-2.441046971484723827e-01
4.220890869478493013e-01	-5.890485670071202717e-01	-6.574110128072720549e+00
3.638880544612365098e-01	-1.489355729246079729e+00	-7.332785922069169349e-01
6.296257297111007567e-02	-2.168666221104291303e+00	-4.508022066821014917e+00
3.307149517689680351e-01	-2.050914449335556888e+00	-9.571055979305242989e-01
2.909829734391831124e-01	5.447577992345253861e-02	-2.714686120474811393e+00
2.514744243458478246e-01	-2.503173185919578714e+00	8.052339307876250629e-01
3.087214647717328453e-01	-1.045240876884570014e-01	-5.375805136815358765e+00
2.993242865325515534e-01	-8.734417627826610575e-01	3.264848901592714903e+00
1.300557152508685366e-01	-1.820883078187169213e+00	-1.631080003905415188e+00
3.526566145238813066e-02	-1.696769781350963680e+00	4.541232392616314506e-01
2.680071863866126947e-01	-1.484594559557200988e+00	-1.988887932350442256e+00
-1.644247314112809999e-01	-1.591096915283004565e+00	-3.597466583866517631e+00
2.740047716548434931e-01	-1.791114400276565988e+00	3.270727138905622944e+00
-5.953864953129425763e-02	-6.406901392509242177e-01	-8.983967530663407031e-01
6.011824249265021458e-02	-2.667223291960878484e-01	-5.236050914275237389e+00
1.461921958709379299e-01	-1.997874556904247978e+00	-1.144360234689456135e+00
-1.036573586315823747e-01	-8.833170818402317215e-01	-1.370532358875440559e+00
2.006751938588223483e-01	-1.656880365800871946e+00	2.734851829135371393e+00
-1.716866476512944606e-02	-1.017187189481732812e+00	2.267165347811952447e-01
3.668511451421644365e-01	-1.349163120286902995e+00	-2.378680146613142199e+00
-3.741798374562584906e-01	-1.653483719198914681e+00	1.005145304832541386e+00
-3.042692759959642612e-01	-1.603212494288386747e+00	-6.600663136189222069e-02
4.368377039160675768e-02	-1.056748124233946040e+00	2.987062408568608607e+00
2.115307961475120235e-01	-6.516132900610537293e-01	-1.152402456886974180e+00
2.070056770114308831e-01	-2.050787118374968632e+00	-8.414402520338867264e-01
2.065347469756203813e-01	-1.478101312311669302e+00	-1.721231044118899822e+00
-1.309377369210078801e-01	-1.112431637940895168e+00	1.871768658041666367e+00
1.045116063221261382e-01	-2.143632659088711812e+00	-1.394706801973666366e+00
2.594369544987486509e-01	-2.024990415821075196e+00	-1.838278229714252587e+00
4.065267031860264613e-01	-8.071634243572459733e-01	3.062980322350341122e+00
-1.473590995103396251e-01	-2.245543336512784371e+00	-2.780317312125489160e+00
-1.813709760827854622e-01	-1.562570062410816973e+00	-5.752963049597458189e-01
1.812495646342229261e-01	-5.755338835864445279e-01	-2.315682346182384721e-01
-2.539966968136834202e-01	-1.652965104910478766e+00	1.253095904601987831e+00
-3.024313578492787147e-01	-1.208129491639329256e+00	1.010637097030125942e-02
-1.695291476129529851e-01	-2.232591857837700644e+00	1.868079572745321659e+00
-4.439740087501061749e-01	-1.836257107090670138e+00	3.665606836418105363e+00
1.036960381535558112e-01	-1.450644329514044761e+00	-2.462695127643386162e+00
1.921857351619755960e-02	-6.395453379619375767e-02	3.780784052872371070e+00
-2.692902153933471876e-01	-1.125483015536010267e+00	2.884056883420126560e+00
2.376589939414406882e-01	-8.535037493972187361e-01	1.337070115055368991e+00
9.829435998107191597e-03	-2.843161538887588602e+00	6.440161288498723602e-01
1.402699583762921087e-01	-1.077089354717884584e+00	4.617109317591271633e+00
-2.598197183690585943e-01	-1.287949379001524175e+00	3.109216728231135596e-01
-5.374605352543951886e-01	-2.837393279172440330e+00	2.152991847685228777e+00
3.074934627947228938e-01	-6.832288764949659976e-01	1.418697274812046327e-01
-1.108179150086021636e-01	-1.766506822570368174e+00	2.286398850474210320e+00
1.394276778360589997e-01	-1.834980358509109344e+00	1.690103403059067588e+00
-2.391450395602383594e-01	-1.563575206700349218e+00	1.238131732529896611e+00
-4.802947456113272617e-02	-1.783743936282173204e+00	5.091619633994394434e+00
-2.055548063960137006e-01	-2.334252712712426181e+00	1.091422900440027099e+00
2.183671070923512980e-01	-8.900082316209992905e-01	8.674309238029653812e-02
-2.537521466175044482e-01	-2.369182601459092208e+00	-2.235094716393229763e+00
-3.401674969506979229e-02	-5.593524941247101090e-01	9.570875331172079559e-01
-1.562715875919828967e-03	-9.269482033473113169e-01	4.403661500903484072e-01
-2.251092075810225968e-01	-2.571268730612823461e-01	8.063957824464132784e+00
-2.493368557496864202e-01	-1.989716406405226401e+00	2.525077530826659089e+00
-1.297508500226784989e-02	-4.732914923421789322e-01	3.339836679967689292e+00
-2.785097378666913093e-01	-2.456007727235203220e-01	2.825547994447435762e+00
-8.674494969298701674e-02	-1.482729232421982735e+00	3.326447001174193119e-01
-3.978361226996999789e-01	-1.321805841024447092e+00	1.548966921654904016e+00
-1.880179913941628089e-01	-8.208488546253868146e-01	2.859171854420148318e+00
-6.076907443501691208e-01	-2.071263230800807875e+00	2.521704408453311785e+00
-2.658032764176493923e-01	-5.311511306378616792e-01	4.106973711903338931e+00
-7.713634814479919388e-02	-1.439142163635218630e+00	-1.007752020634426149e+00
-3.142196164357750066e-01	-3.160527822854823921e+00	2.406702771920301132e+00
9.591008340554818545e-02	-1.801356830008324916e+00	3.309349284882830755e+00
-6.280779887200192979e-01	-2.580016393648777218e+00	3.160368256344368909e+00
-3.396232963652769943e-01	-1.527592895799223083e+00	2.448996459193211184e+00
-2.212133023026637557e-01	-7.354825874444348432e-01	2.054960302765597380e+00
-5.210632646225716869e-01	-2.631947018782944347e+00	2.765456831431876150e+00
-4.122826221720949369e-01	-1.057809253769830038e+00	2.570732757418888959e+00
-4.115603223726966298e-01	-1.778955714254160547e+00	1.617032369650057033e+00
-4.219342179962189965e-01	-9.000275390978187406e-01	2.279443636430897868e+00
-3.814412557520857616e-01	-4.884082268947531613e-01	4.210223310827689858e+00
-4.571952355945134716e-01	-6.694710329661068826e-03	3.425847373268743556e+00
-5.208534332374918918e-01	-1.311786588017554767e+00	1.231929518856753836e+00
-8.066357195509485933e-01	-5.604007098996492964e-01	4.505889327418493018e-01
-4.470744958844458661e-01	-4.979688630908597480e-01	3.688431490731899576e+00
-3.183321505314992139e-01	-9.650560556287415270e-01	2.002234162563659936e+00
4.719445310646102620e-01	-7.498046673933975725e-01	5.082900810252516166e+00
-3.695978911565407921e-01	-2.088054572464656644e+00	4.112171232122568298e+00
-2.079690376622408410e-01	-3.993730249493232520e-01	6.460356174390377682e+00
-4.842764408218128147e-01	-1.911591378861010604e+00	2.429965544190126892e+00
1.159028850643190056e-02	-1.693781130573949412e+00	1.276486934643358939e+00
-5.341526198274333392e-01	-1.404635167655585271e+00	7.644870625781146067e-01
-3.353517443933199393e-01	-1.185551990947374179e+00	-3.417734313267324353e-01
-2.109679232519320879e-01	-7.266795711079430120e-01	5.090974579705153324e+00
-8.930884983215459094e-02	-2.782250675030216724e-01	4.136500210895413865e+00
-1.946902183286350063e-01	-1.129122287906377364e+00	1.912992141655087242e+00
-6.509323216420568325e-01	-4.231601874613031278e-01	3.793086343612721567e+00
-1.607736253945988847e-01	-5.291344466766503274e-01	2.898769163981571140e+00
-5.180161694703655506e-02	-5.496908101650340717e-01	7.652187673163613368e+00
-5.977118249186670340e-01	-8.213755719731242744e-01	5.843275949479488141e+00
-4.834286820589074329e-01	-5.556582650735617523e-01	4.453238758683498943e+00
-8.359018671101700049e-01	-1.169778060065674197e+00	4.246091573216639325e-01
-4.158606149854567335e-01	-1.356936689325093592e+00	1.114408025807349656e+00
-3.869783708608304229e-01	-5.888378172627510843e-01	2.777099389481480607e+00
-6.488140280689508321e-01	-1.671781336282304853e+00	4.567857910556408996e+00
-1.320106430646930673e-01	6.017711564834998805e-01	6.340112236560772274e+00
-4.388343550723189934e-01	-2.449750581464952504e+00	5.479370724137984539e+00
-8.604996693815571973e-01	-8.428820026780198260e-01	8.269114453710454171e+00
-7.439713413880237880e-01	-1.675597670846942222e+00	-2.289069626916013789e-01
-4.864763665080635291e-01	-1.094018328508120197e+00	8.397623288377225492e+00
-2.519778452810967351e-01	-1.582760912012362464e+00	5.721021524045697859e+00
-2.214700496755171999e-01	6.315671243431879578e-01	4.120463457052752965e+00
-5.591651334046452426e-01	4.436515387614068384e-01	4.368223373613225213e+00
-1.004259709026241509e+00	-8.466971774162155295e-01	7.316468975602269609e+00
-3.899483479215605786e-01	-2.290176018885736742e-01	6.819254674512526648e+00
-3.586814826462774164e-01	5.831853001069919884e-02	6.518327786476787900e+00
-9.213237893873748030e-01	-6.524548565824067614e-01	5.281848094468124089e+00
-7.814943663264253271e-01	-5.874888266865925246e-01	3.772295354269746159e+00
-6.759188407703861090e-01	-3.783616261224237443e-01	7.443339186083457903e+00
-4.315145831322745318e-01	-1.724695876012148910e-01	4.622149215486955676e+00
-4.331622876575617620e-01	-2.226336361352140303e-01	4.516922297153502797e-02
-7.702706985076583912e-01	-9.194197026696326880e-02	3.455698347874431864e+00
-1.230108079762635698e-01	-7.384810622963703386e-01	3.021034407762386742e+00
-2.550944817069107917e-01	-8.334581188545377994e-01	6.292676681445734665e+00
-4.444948025882378140e-01	-5.269154916269556121e-01	5.853372857659911332e+00
-8.941162350923804736e-01	1.731262533273008053e-01	1.710946083242568250e+00
-2.442643135093887641e-01	-9.443506170573878755e-01	2.133022165406475601e+00
-6.638504766890919173e-01	1.553265431579667344e-01	2.324801929465914796e+00
-4.406580335445179908e-01	-3.990366121468028049e-01	6.178702586106270545e+00
-7.625610373008709919e-01	-1.194267124512156331e+00	4.183512744064985078e+00
-4.665542118010272410e-01	-1.589764004861879743e+00	4.396055669323780002e+00
-6.223954738550910859e-01	1.203798166516124812e+00	5.383492094785921722e+00
-3.661273900161817751e-01	-1.580727721025404209e-01	6.319534428505535040e+00
-5.414697955731599954e-01	6.167233573913551981e-01	5.623779579180009591e+00
-4.303291372189401720e-01	-1.162497549999137680e+00	1.019208474318577373e+01
-3.460937166655119190e-01	-1.115424922328754009e+00	4.071837477487850521e+00
-4.259405703286549549e-01	-8.630111241473144013e-01	4.493591462631555622e+00
-3.481561174199082620e-01	8.479651109817136490e-02	7.882110672113507022e+00
-8.688375682716360515e-01	4.608617262726696917e-01	4.062440513409099729e+00
-6.534606804619250697e-01	7.911252345640931161e-01	6.659879113846634446e+00
-8.945180414659340551e-01	-3.705880756472863524e-01	3.897074354961181264e+00
-7.249042984896874042e-01	-2.640606397449319354e-01	4.827695262362210471e+00
-6.840859094954737651e-01	-7.592849277308930667e-01	6.025712664599673474e+00
-3.196669642424486701e-01	8.763661292444850925e-01	5.116881089959637308e+00
-2.451846248740304768e-01	-6.056915228152455200e-01	6.954225062541454783e+00
-6.107931934185910627e-01	-3.715420392761225599e-01	5.425869649804536010e+00
-9.194879689897814679e-01	-3.456718667992143557e-01	7.397821554279271794e+00
-4.842401270925167922e-01	2.409793693948636406e-01	1.025173551681203676e+01
-6.647433281023528151e-01	-1.928325233535973238e-01	4.840977846163939446e+00
-2.723160617973951481e-01	9.053951265645520108e-01	5.961464343181732239e+00
-1.453119601503033986e-01	4.448134593901741374e-01	4.748177389702989970e-01
-7.398600501155312426e-01	1.449242619239443641e+00	3.127905254083015230e+00
-7.253872626796122880e-01	-7.117759295943977271e-01	4.752341412333186632e+00
-6.039812593592478462e-01	-3.926398963711510426e-01	8.874855327732344534e+00
-4.745805471554331301e-01	2.557489191577305143e-01	7.301068190099000432e+00
-5.100793603088425998e-01	-2.163783420976059246e-01	6.267343902473122341e+00
-3.484526644221154212e-01	8.770666550874810508e-01	4.428836776433883848e+00
-3.819636343904856401e-01	1.663468301109556569e+00	6.630046681820448207e+00
-4.756276242686401923e-01	1.693535175470474829e+00	4.421830763641974471e+00
-5.546648724841436451e-01	2.227617997999911947e-01	5.411854593877650998e+00
-9.383369116750533978e-02	5.178821279038292591e-01	5.131600128359182555e+00
-5.451611280128966230e-01	-9.602789802870650426e-01	2.451283068339217053e+00
-2.120547318977263895e-01	8.204691754772772683e-01	3.147227732496436836e+00
-6.758258717266963922e-01	1.734031923385657814e+00	3.625132350317064045e+00
-1.754375557572732114e-01	-3.809150149812016162e-01	3.768632288439869971e+00
-1.903805556771127061e-01	1.249959524601298888e+00	6.108787898663247340e+00
-7.120178857797312411e-01	1.321032115671948670e+00	1.744296359914146333e+00
-4.114152815702471488e-01	4.581670194540140573e-01	2.637162320259999859e+00
-2.560853013030550129e-01	-2.898904655740373038e-01	6.557773857937169382e+00
-7.246591579764832813e-01	1.531657510142788725e+00	5.304915043578773748e+00
-3.849108949371544131e-01	1.283136661307941573e+00	6.276119488083518050e+00
-4.276655933156053857e-01	2.081428643680197865e+00	4.657428863354264870e+00
-3.652533479064553612e-01	2.667501986396405012e-01	1.017985509563139246e+01
-2.691604636854899590e-01	1.031042284048573343e+00	5.571500091268390520e+00
-7.398430552525818715e-01	1.072313205859994012e+00	4.234627087708551230e+00
-3.048956832345158796e-01	1.972512250400232370e+00	2.751552559045123303e+00
-1.066966142324153877e-01	2.882540422784341860e+00	1.053575609136055302e+00
-5.543283350880513494e-01	1.095194128672211775e+00	5.355205648873813118e+00
-4.755477771074485549e-01	6.720367461604948023e-01	3.206374200583821832e+00
-6.788877584042816160e-01	1.772446774485274545e+00	2.796384935746665690e+00
-2.074419789047504681e-02	1.417502120551129341e+00	2.174003675551458237e+00
-4.433106014599682565e-01	4.474541217408866678e-01	5.491987237880284312e+00
-6.376928702347111066e-01	7.804939858414893239e-01	3.484097364031701893e+00
3.811046243355814545e-02	2.018494886702069557e+00	3.342199842672276322e+00
-5.310671563144255813e-01	1.007357788480740091e+00	5.236258044148079271e+00
-7.391345084561411483e-01	1.242920113035588470e+00	3.876924878045198142e-01
-6.937884726023562099e-01	4.552282428679976789e-01	2.478080240046638849e+00
-2.935504602168412247e-01	1.537917108188343818e+00	3.145324966270466760e+00
-9.243368819985620100e-01	1.531105291437303562e-01	1.366848825057360717e+00
-5.281404991110902891e-01	2.400065711287437509e+00	1.758739705683719956e+00
-4.115391233670606663e-01	1.249713405039471148e+00	3.686769154780825453e+00
-5.027576427234018430e-01	1.910225973475619288e+00	3.761396677615191475e+00
-1.454234309797450553e-01	1.686717948107311127e+00	2.557046890390198612e+00
-2.653006206131153233e-01	1.911737540046921424e+00	7.203781000953348723e-01
-1.705211071878738327e-01	1.272558860560689897e+00	2.401025976733791811e+00
-3.209670228620113974e-01	1.496697000817249101e+00	6.226270057287442761e+00
-5.855708127005687658e-01	1.277392949970903802e+00	2.943841609920574864e+00
-4.398623711673825820e-01	6.637569725911232066e-01	3.967697853174864786e+00
9.877105112687284416e-02	6.409052497645285618e-01	5.914495430234776308e+00
2.991914853403704333e-02	1.897189889701226484e+00	3.162544646406391102e+00
-6.016773533942746388e-01	1.668143889663946222e+00	3.075556353776334184e-01
-3.332147727380457281e-01	1.255841500333389593e+00	6.609089884777436197e+00
-5.777039214202668305e-01	1.849698314971094382e+00	1.570364374638772986e-01
-3.644065480838278859e-01	1.306392598565730978e+00	4.757818990940354098e+00
-4.025401917936309304e-01	8.564538054666213096e-01	4.791123474858034470e+00
-3.561879323628501792e-01	1.372593184981557135e+00	3.426296958896785316e+00
1.265671687226816444e-01	1.619924658168092391e+00	5.612322554533081487e+00
-2.527672607204195510e-02	1.277525074561799201e+00	2.937412772040199904e+00
-5.554524576320533091e-01	1.527343707255792715e+00	5.185991100285797017e+00
-2.836796318653189708e-03	1.980739164232270699e+00	7.094293564769762472e-01
-1.525677333344536701e-01	1.813519952303006111e+00	2.861128557063166156e+00
-1.396715192546341688e-01	5.645361880342736338e-01	2.961467595496486638e+00
-4.851998998965411647e-01	9.211975984786575644e-01	2.607407957513396823e-02
8.407256096680060242e-02	1.726679091011468659e+00	4.172860932946018231e+00
1.118053784221993141e-01	1.065538743603239746e+00	2.844324043446652794e+00
-1.466584269697153720e-01	1.182741882585360393e+00	-6.104301902087430065e-01
-1.429561976542072510e-01	1.133113292582055287e+00	3.070622565937444648e+00
-3.131641540113582201e-01	6.558557326979902458e-01	3.150420141873218061e+00
-2.006152794732331823e-01	1.440683561350805331e+00	2.030454106057934638e+00
-1.372718545828394698e-01	9.997657065133368492e-01	2.759190413746511528e+00
-1.677556457537885126e-01	1.463000588318837503e+00	1.384356152721075706e-01
-2.335443386951956968e-01	2.876826643819227147e+00	2.576311064493337355e+00
-1.028793402018533809e-01	2.000150172140386928e+00	7.518535952067415540e-01
2.915180014350582938e-01	1.490972691226516211e+00	4.315954630426425354e+00
-4.198530866800268546e-01	2.142922330168505862e+00	1.858534279149136825e+00
8.487532099744377057e-02	1.039173763714483112e+00	-4.385522218679227535e-01
1.091540143515216665e-01	2.208305891700060197e+00	2.654364294473098962e+00
-2.974967776760258920e-01	1.264609101680451486e+00	3.143957080900207757e+00
-2.826281833423719414e-01	1.214290647531181433e+00	5.510309424945255552e-01
-1.011288107267398761e-01	1.281601831376944833e+00	1.395997669804463381e+00
5.424261377064781842e-02	1.802362177542528698e+00	-9.699187682648602316e-01
-3.811466027489890940e-01	1.857328589227401405e+00	3.259787150353181673e+00
-2.837194422757807200e-01	1.524915770869543552e+00	-6.028956593775645079e-01
4.922702199762954423e-02	1.790674078694345139e+00	-7.714705318211874996e+00
-1.206124728856076272e-02	2.095825845490509654e+00	7.230094389713642711e-01
-1.646670132004853793e-01	2.196905400416753196e+00	2.768485995917153719e+00
-2.864079617073845840e-01	1.488693372012111160e+00	1.210773776633724541e+00
4.192349994277760894e-02	1.510988155669279465e+00	3.679136508081417567e+00
4.079944801581351921e-02	5.996767823475728232e-01	2.304146632978509857e-02
-1.034341852325108002e-01	1.275098127023486905e+00	1.103982440345638860e+00
-2.841943446058014522e-01	9.199368440666845226e-01	-2.557499943281913435e+00
2.051607921663999301e-01	2.616129282674650280e+00	4.306586663261350090e+00
1.204712571250695329e-02	3.022560897676959790e+00	8.721565881045281188e-01
-2.306824010764021438e-01	8.900626697805542609e-01	3.922656644734323628e-01
-1.659491282602683082e-01	1.336625676793141704e+00	3.611003249996788123e-01
1.333363826381638029e-01	2.813184169850289074e+00	4.646477706453769230e+00
-3.703547870337373094e-02	1.170041472556504702e+00	-1.097313106939078464e+00
2.614727640636980155e-01	1.675321741164216283e+00	-1.864212250170410812e+00
1.102058244558561662e-01	1.716654340651621258e+00	-3.298442605555102602e+00
-2.485046085353027345e-01	2.142503958518547691e+00	3.936696444254064176e+00
2.840505771060680695e-02	1.843243868273451547e+00	-2.514880716566288754e+00
2.792075366853372098e-01	1.340300190581387829e+00	-8.466110150954491154e-01
2.004072845322208418e-01	1.339821767525446239e+00	-2.742656040601836764e+00
2.663586098512817912e-01	5.157676180409211941e-01	-6.759705784320478861e-01
6.818185305308396837e-02	1.609788283305276346e+00	1.436614951472266366e+00
-4.850445137874881407e-02	2.159908120250081165e+00	-4.514788093755009335e+00
7.163661192882220252e-02	1.214095681148634975e+00	-2.929816364521010463e+00
-5.507103167648755293e-03	7.513200332538949588e-01	1.348176481320602527e+00
-2.885568011960831791e-01	1.696102356094568941e+00	-1.094945163798430654e+00
2.013195140729649446e-01	1.439437249313963774e+00	-3.688247740678190834e+00
1.451128549421981384e-01	2.256581653373878726e+00	-1.365491998462014411e+00
3.599914598476419147e-01	1.420453520343804010e+00	6.005657037750586902e-01
2.562059596559050356e-01	3.997167331951605451e-01	-3.387769129130343781e+00
1.331149618573488347e-01	8.584157924550714913e-01	6.292861573547012810e-01
5.661181982121468725e-02	1.826430953044412053e+00	-1.066421441985178298e+00
3.034185473088377716e-01	1.399727660865060397e+00	-7.204273272645149717e-01
1.192077137213681248e-01	1.571863609926781313e+00	-3.311036936401695385e+00
-9.684959833962089593e-02	3.610672086769985967e-01	-3.933089461199017478e-01
3.108573406892858326e-01	3.051461021991928479e+00	-3.914300552112699449e-01
1.177151837213785690e-03	1.859052821216696350e+00	-5.009760896075052372e+00
-1.595521105491397029e-01	1.667042502971426643e+00	-4.865689545261802529e+00
1.409257649997467943e-01	1.613166946525039780e+00	-1.354642366840643541e+00
4.788837603123201614e-01	1.970970887233393309e+00	1.301277619176232747e+00
1.970191230762191048e-01	1.087616295859008098e+00	-1.894360367526518152e+00
1.631847893778551606e-01	1.449682427188191625e+00	-5.182591716191598863e+00
1.247185245050191627e-01	9.866328784195688151e-02	-4.023789697630354212e+00
4.352872835186042400e-01	2.557000273011904135e+00	-1.893759336322243580e+00
1.576715702111251005e-01	6.069067398922179946e-01	-1.683409579449134164e+00
2.431701384511885111e-01	1.765679090622342517e+00	1.178315866305124082e-01
1.867995003442526059e-01	1.799848447663055406e+00	-4.511414687799049972e+00
1.354389715092615964e-01	2.667612783759006234e+00	-9.689215631853709265e-01
2.958057919774881306e-03	8.073332627032558939e-01	-2.720674423881570547e+00
5.528716279530082600e-01	5.474012415624130989e-01	-1.843017029404517615e+00
3.721861982068484509e-01	1.503239096500851080e+00	-3.299694734555230102e+00
4.280659389363116185e-01	1.200677537901985614e+00	-4.652054782774946773e+00
4.674545416881700222e-01	9.144464118133519559e-01	-6.380359146748636689e+00
5.387879493191060076e-01	1.248380411688015279e+00	-4.843985915671213505e+00
2.173525490278767625e-01	4.603196995568218375e-01	-2.993380860270217436e+00
2.728142414802678384e-01	5.488409204571528255e-01	-3.126489370275930213e+00
4.894310958344749718e-02	2.007043801854829113e+00	-4.025507331595504112e+00
3.334193858850467707e-01	8.512544431959953029e-01	-4.207793320549107818e+00
7.490759580573533860e-01	1.389376357749529278e+00	-1.578925600256056772e+00
2.938105536274505658e-01	6.361067368750907836e-01	-3.964696801277662885e-01
5.116512473710520537e-01	2.491578048443899851e-01	1.693901140804072725e-01
4.577666171762311276e-01	5.803818889682066384e-02	-6.144305179247265158e+00
4.614503214377405627e-01	-1.060020102775458550e-01	-3.058978746395467407e+00
5.793829953006330857e-01	1.297862530461978636e+00	-6.484651312843096704e+00
5.010386128554747964e-01	1.241681222664783757e+00	-3.743988101369831067e+00
2.693345691472622816e-01	1.430217725615192004e+00	-4.262067616819869897e+00
2.492745510906362594e-01	1.439791196823530850e+00	-2.536493894470096322e+00
4.847355524799509263e-01	1.775920316009272470e+00	-1.574541267840435577e+00
3.298217842889203388e-01	1.419687776200760254e+00	-3.725512437911732366e+00
4.586373015686968091e-01	3.690352234800092779e-01	-3.626513528551964072e+00
7.098424327068417750e-01	2.165546686502410445e+00	-2.821814406683767373e+00
-1.011851946890862664e-02	1.698187099096569064e+00	-3.130137212565431426e+00
7.718966333713728201e-02	4.817385374680349663e-01	-3.692087987494485191e+00
4.430981261992493203e-01	4.626340833031235555e-01	-3.821790282536712269e+00
2.598824421317382782e-01	7.207410006555634574e-01	-6.382038126599103300e-01
5.705498721499647763e-01	1.662717735310307310e+00	-5.163186866063333547e+00
4.548710667598101498e-01	1.276181632127870058e+00	-2.406876030855770843e+00
3.323914985907923669e-01	1.919887304375957005e+00	-2.047884555871429146e+00
9.147676353665032956e-01	-3.619741834883305476e-01	-3.612992245404144320e+00
3.951968232141990778e-01	8.733702113841643744e-01	-6.509634692498522668e+00
6.473446067919119695e-01	1.347503336434871635e+00	-8.867883731556176485e+00
6.709075155187531614e-01	5.957068715391657943e-01	-4.295916519401210998e+00
5.162841575291903240e-01	1.653772299350420472e+00	-4.689515517804712985e+00
3.893379356314186079e-01	8.298295738565542035e-02	-4.958164424728620290e+00
3.247432626352062535e-01	2.344560963916366703e+00	-5.454126610841662171e+00
5.266729684189295213e-01	2.128467800417853106e-01	-6.587990441146957643e+00
6.441493765690301521e-01	3.725154831009014345e-01	-4.988148551018186438e+00
3.562415631377091607e-01	8.624997996996421890e-01	-3.723654983241771799e+00
6.126263400309556184e-01	2.975870326808382482e-01	-6.642986816424016006e+00
5.188658406040257409e-01	5.853071387002024561e-01	-7.412831831247473247e+00
6.310376829077952721e-01	-9.231032427660701423e-01	-6.271588647052679377e+00
4.530759367595202924e-01	7.447693883344975729e-01	-5.879436601390813699e+00
2.715628624382849243e-01	3.187511789476004109e-01	-8.906990784294923635e-01
2.878975263035570831e-01	8.329454383914012272e-01	-2.299098658429794551e+00
1.915717192512504385e-01	6.509406870412779433e-01	-4.336601210313858701e+00
5.604181030148716047e-01	5.624640790977657456e-01	-5.346859885444384730e+00
7.523288786715045529e-01	2.002719407722865219e-01	-5.037890344483663796e+00
4.346475046356528260e-01	1.916606657572569039e-01	-3.481739852965831439e+00
3.869251570677129659e-01	8.490214557312725230e-01	-3.638821746193535489e+00
2.858751891454449079e-01	4.233209703105477173e-01	-6.590920259439005058e+00
4.666905799303637248e-01	2.600371998922335615e-01	-3.922440478734129599e+00
4.374956295370949211e-01	6.464263096068174619e-01	-2.992417785574897238e+00
6.506087394950923475e-01	2.199740321038267665e-01	-4.271771086444451804e+00
-3.195781201712788455e-02	1.286897892655776976e-01	-4.244338554634910388e+00
5.097854764526373872e-01	3.028997822361199632e-01	-2.440733847400353707e+00
4.776737678419045730e-01	2.955253064277740815e-02	-6.216149734990993991e+00
5.267929713264261071e-01	-8.367408365379608304e-01	-5.224465494317751535e+00
6.917183319544911724e-01	2.168678239584900802e-01	-3.582582242328067323e+00
2.006205142977414702e-01	-1.529288873043060937e-02	-6.336356285031525815e+00
6.289804962830105595e-01	-5.175572555558323184e-01	-6.264155438505299323e+00
5.843831891172867055e-01	6.927940701547583568e-01	-3.689152301603943584e+00
6.015760376585101987e-01	-9.430704255317783335e-01	-5.503942740844285808e+00
6.092197376910152284e-01	-6.814050206814772359e-01	-5.546163502436026960e+00
4.215026159336641709e-01	2.081189217381060330e-01	-3.859612367235449426e+00
5.768460393927512531e-01	-6.064033961938479766e-01	-4.865383533120199111e+00
3.934493161049100740e-01	-2.964818960910612922e-01	-6.626930621061787541e+00
4.707966961030345399e-01	-1.351014413377339629e+00	-4.080924169714938543e+00
6.415803075242504372e-01	2.302031447793498886e-01	-2.929775609513528334e+00
2.014604845512713016e-02	-7.230366124373108772e-01	-3.405946647457582799e+00
6.319012129856788063e-01	2.205826576128561978e-01	-6.242537542662464745e+00
1.910504893060732678e-01	-1.004615326260801300e+00	-6.202241731762995869e+00
2.722978501238874083e-01	-1.161619723659951475e+00	-3.596663602511541491e+00
1.317064686400830631e-01	-6.190611767772935536e-01	-3.501910981818673996e+00
1.932198161592470487e-01	-5.480950176683763164e-01	-5.858738936718908441e+00
7.426394732776577801e-01	-9.040331680626425559e-01	-6.236429607856520008e+00
7.326572623648993643e-01	-6.641258439261663593e-01	-5.518010108800634583e+00
7.229938284542012372e-01	-4.249849907830937634e-01	-6.662712588118697710e+00
6.151156338111835042e-01	-3.678768575737780822e-01	-3.517462369277587264e+00
4.815294238609756916e-01	-4.324427374414925307e-01	-3.439140492631377999e+00
4.859529386904368198e-01	-1.129492543803216176e+00	-3.796212741778977495e+00
9.454524050602670648e-01	-6.775687794406509701e-01	-6.276133057431517059e+00
5.455259995476082757e-01	-6.792852189553283404e-02	-4.680697340827085107e+00
6.073481749212719105e-01	-1.035463701333879882e+00	-7.328572337979602835e+00
1.765089457327578271e-01	-1.015639784994938122e+00	-1.321688650190203429e+00
4.060256664587283404e-01	-6.698423882237651839e-01	-9.567441904321253077e+00
1.562007323907205758e-01	-3.864309829038869992e-01	-4.007590489717383520e+00
4.988118323141744748e-01	-1.291462340386019925e+00	-5.401801869963624547e+00
6.981055997606817609e-01	-1.296558084106188335e+00	-4.360721582880183078e+00
4.791721649507652558e-01	1.231808648862437572e+00	-5.597130825334787119e+00
6.981422533934462660e-01	-5.303481965388723296e-02	-8.130529746876575814e+00
6.201205148733884842e-01	-1.007641323463533745e+00	-3.017955808113201854e+00
3.374928685513667315e-01	-4.230043091436594405e-01	-3.314199473058620615e+00
6.677514708961911349e-01	-8.333230576820699342e-01	-2.909712085796683390e+00
4.718043232621620953e-01	7.503307694402582273e-01	-3.246171256420313789e+00
3.387407608660247815e-02	-1.334821180437263388e+00	-5.931009032181177254e+00
6.089729432002395360e-01	-2.406678711907008772e-01	-1.848308667227059665e+00
5.190267100067011974e-01	-6.796100503829518580e-01	-1.827432280297679679e+00
8.916118172337197390e-01	-4.860542035571754349e-01	-3.771181483820043034e+00
7.947302000658984511e-02	-5.382133874023142805e-02	-1.893168175632628625e+00
5.775915884452462734e-01	-6.380652303947307313e-01	-6.265336208989461753e+00
4.703038430310433338e-01	-8.749400620335118228e-01	-2.404184166967057390e+00
3.476359018286418467e-01	-1.518088979506920566e+00	-6.900930072816581884e+00
5.363905754344234778e-01	-1.495029905320292007e+00	-3.735053796713722285e+00
1.377213890230545856e-01	-8.602626300125074676e-01	-3.092728711008518427e+00
5.210017667631339222e-01	-3.710083963592312184e-01	-1.663702346376203955e+00
5.917082872536787441e-01	-2.364867774985078608e+00	-2.875923459083437717e+00
2.678846283652331906e-01	-3.426523142448925086e-01	-4.053817039577690018e+00
5.314606428672618010e-01	-1.031291043651736627e+00	-5.539254969661882022e+00
6.862858536013991539e-01	-7.002546112810656975e-01	-3.068567017314088208e+00
1.544687149361960443e-01	-6.212842513265206534e-01	-3.609458829773073418e+00
1.263629791473508401e-02	-1.532336715748655376e+00	-3.617595110898271571e+00
5.282494371937662692e-01	-5.579772222602071841e-01	-8.656657335505362205e-01
9.076222363170677321e-02	-3.388616720852980491e-01	-3.662322431811018131e+00
2.103658179089696878e-01	-1.267404634345924430e+00	-5.535304185516531028e+00
2.606237549262464537e-01	-6.087864200327226527e-01	-2.618844522235231231e+00
4.196275114778683091e-01	-1.123539352476234932e+00	-1.343052947891234083e+00
6.029868215167470957e-01	-1.492274913327148234e+00	6.151390299010461860e-02
1.035852519451183618e-01	-7.881183553573651857e-01	-2.696176776930423902e+00
4.087439117543134603e-01	-9.539701947405768712e-01	-3.191499123261266391e+00
4.426917227661410492e-01	-1.101462210521546137e+00	-8.016946136212503404e+00
7.693959716016707251e-02	-1.587545359256070654e-01	9.281276514376513020e-01
-1.363305872726860990e-02	-8.437718606753425998e-01	-3.890407193529296315e+00
3.986245000838916086e-01	-1.260606049629965364e+00	-3.556978818742415172e+00
6.618066104884772205e-01	-4.451208891302788073e-01	-1.992518541267045418e+00
1.006001325629994059e-01	-6.333116334116025703e-01	-1.541764782430259828e+00
3.754643064100771088e-01	-1.411896632782146499e+00	-1.815933761024333570e+00
3.917485870487724675e-02	-2.220512559213104975e+00	-5.300604673083187279e+00
9.004731402714521993e-02	-1.237727197344003605e+00	-4.433246394817004443e+00
1.726035993226484044e-01	-1.288296743331536875e+00	-4.565523184444276517e+00
5.090061322866730187e-01	-1.823622542392798973e+00	-1.615230227405401342e+00
2.966000887439438904e-01	-8.168790018937133190e-01	-2.448409577139907256e+00
1.200382801425589618e-01	-1.149768709070700279e+00	-1.225266085525613446e+00
2.819954617883957404e-02	-7.141049408430928391e-01	3.959338524718676311e-01
3.627764138527666549e-01	-1.361874745847332591e+00	-1.743332576209233764e+00
5.256960338463201321e-01	-1.145523272205030585e+00	5.478276201193610362e-02
1.620663149779792422e-01	-1.548248088159067004e+00	-1.831104335859558674e+00
-7.238379340992806554e-03	-7.039877207124937142e-01	-4.358175468420821375e+00
9.044144749047156040e-02	-1.661743577390513593e+00	-2.250717755705581080e+00
7.754989384491509097e-02	-9.718530864066953212e-01	-5.546897373601270331e+00
1.488990218746411021e-01	-2.004983996888968445e+00	-3.751903930644616914e+00
2.320098855504590107e-01	-1.626663639599054800e+00	-7.318862523960447675e-01
4.313416400851180499e-01	-1.541245617129583856e+00	-1.566439695250910535e+00
4.358149961673540851e-02	-1.761241242153921638e+00	1.450522436266998838e-01
1.982326188051118931e-01	-1.781264696613285237e+00	-3.038088121036973011e+00
1.117991765737179066e-01	-2.526876574890645877e+00	-6.522484498989479240e-01
9.608722209055237107e-02	-2.408233096662970585e+00	-1.900605352053942099e+00
1.559156178576582286e-01	-2.248728153068332958e+00	-4.950901606899622109e+00
6.864932709866450322e-02	-1.206492898479834652e+00	-3.840413281997616668e-01
3.047570531705269536e-02	-2.428044439438981961e+00	-1.436771750397946024e+00
3.834080017452340394e-01	-2.600659699777847500e+00	1.517651268116784635e+00
-2.149704514833770674e-01	-2.089078681959249728e+00	7.090441871005179753e-01
-5.110227504452102831e-01	-2.152319708298285672e+00	-4.372726954148212997e+00
2.653520235787871773e-01	-1.708227706101763443e+00	-4.216668794681703858e+00
4.261329601570791326e-01	-2.330428137033847324e+00	-2.134516056226420933e-02
2.574509527256713809e-02	-1.855301375452577561e+00	-3.855877188452772053e+00
5.233605443442094218e-01	-2.119011093335359863e+00	-4.117569346575532307e+00
3.737050779425244995e-01	-2.151279047187686366e+00	-1.550183781565556140e+00
2.064635012678332077e-02	-4.569647041546458510e-01	9.596766433982024669e-01
1.829687436434775660e-01	-2.022559064567108766e+00	1.426016052205296702e+00
-1.649072035516662149e-01	-8.519803132604358842e-01	6.841057926341920226e-01
-1.916321563342246459e-02	-1.880724881056620834e+00	1.564946576179554683e+00
1.613544449815187964e-01	-1.549928772169180569e+00	-6.176366698300342351e-02
-4.165580372048935387e-03	-1.236807486747380391e+00	-1.597152592576816188e+00
-3.659825051690850095e-02	-1.884542204739596327e+00	-4.395225341593551605e-01
-2.119238664574809861e-01	-2.640029814396999797e+00	3.881322516220567231e-02
-3.824500347310773318e-02	-2.778290950846153518e+00	-6.783712516258171288e-01
-1.473001026532091418e-01	-2.667541878125373689e+00	-1.125874894219029976e+00
-3.541428925642698539e-02	-1.721502512438642274e+00	-1.159017268034407300e+00
1.763256745576989581e-01	-2.028598481871839443e+00	-2.211198961880101344e+00
-7.106922407573630363e-01	-1.212549068049867618e+00	-1.061395926690089864e+00
-3.019252986281075746e-01	-1.725423875678383290e+00	5.025324456462375577e-01
1.416396287341457616e-01	-1.950985005584122245e+00	4.371303143654198031e+00
4.121024434841184803e-02	-9.825885978916223396e-01	1.720105383441436375e+00
-1.359925967850581507e-01	-9.013645796747873362e-01	1.567502113708073352e+00
1.481972703145486570e-01	-2.157899171619110046e+00	1.979008994829556389e-01
-3.001761716960459070e-02	-2.075591772469847385e+00	2.869400725486782378e+00
-3.672631308980550680e-01	-8.262963941535443890e-01	2.234502459096512794e+00
-5.554637554372991032e-02	-2.247631558903836702e+00	8.680868540506578857e-01
-1.128009551649341441e-01	-1.466505134001860000e+00	1.313104854287467926e-01
4.073962490846103068e-02	-1.542338683354718354e+00	-4.664735863105129443e-01
-7.308804833424242808e-02	-9.540756473303078078e-01	3.729878885060923910e+00
-2.039559938394965022e-01	-1.571525465378613928e+00	3.107407988569766744e+00
-2.033618631138530419e-01	-1.404693921131463297e+00	-8.454911310745854003e-01
-4.211976992746315762e-01	-2.430961025676294796e+00	1.234729587023468689e+00
-5.634798469102955676e-02	-8.555146638850491536e-01	3.516752156282434871e+00
-5.064796662853096043e-01	-9.402560734602631864e-01	1.745068253823432780e+00
-1.923967568631618219e-02	-3.106331814865891605e+00	-3.068901155239496248e-01
-2.381412213855456650e-01	-7.451770213951238730e-01	3.468129354532957898e+00
-2.269013538550996856e-01	-2.420054157575593834e+00	1.091096195032791982e+00
-1.503740408900189618e-01	-1.706482465966415063e+00	-1.555178390627240503e+00
-2.583270649080765535e-02	-1.457275587801838190e+00	9.786567009632296532e-01
-1.964800439997852199e-01	-1.604402547670573664e+00	2.163225704624515355e+00
-3.930707110008574423e-01	-1.820974287493746457e+00	-3.350556810496896354e-01
-1.190358724495700071e-01	-1.503441437685009596e+00	5.491440574173320321e+00
-7.902378692105673785e-01	-2.142977159232327011e+00	1.699188246061333452e+00
2.478456638101554921e-01	-2.292686627132366706e+00	-1.769649230876494173e+00
-3.524773216679036314e-01	-2.188488548786654331e+00	2.639479286497855348e+00
-6.138969095588633351e-01	-1.499932826524219776e+00	3.972768841015912322e-01
3.808323057297375858e-01	-5.780421896590417496e-01	4.434514128253853826e+00
-4.868895144638305528e-01	-1.401495294666762259e+00	2.665839664373027329e+00
-7.127699917437035904e-02	-1.838027979291775527e+00	-3.743130004910759645e-01
-3.869436535941048749e-01	-1.042628215896865829e+00	3.461257521960259265e+00
-4.668959219014859885e-01	-9.965740951489834298e-01	4.562387158214340488e+00
-3.027028071291750222e-01	-2.393194327190248494e+00	2.422312349307024437e+00
-3.896928535316341313e-01	-8.029179285371464969e-01	4.511604857891073905e-01
-1.185000937552780076e-01	-1.765520414411562600e+00	-1.063837106382421460e-01
-4.292887553004302581e-01	-1.510868420387604605e+00	2.761042470275875349e+00
-2.821702725235344378e-01	-1.170909489712722351e+00	4.099914752332809442e+00
1.706974872334510174e-02	-1.291129276586429064e+00	3.714883328332211576e+00
-4.446384916834639212e-01	-2.905770868475767710e-01	5.325873969085757942e+00
-1.146373440916554909e-01	-4.943522830072448748e-01	2.631893633800376886e+00
-2.370794375655760899e-01	-1.013632332726730478e+00	1.784015576643329437e+00
-2.338311490685114624e-01	-1.561778386141256414e+00	1.988785199198538578e+00
-1.444646386655870640e-01	-2.088485956055016857e+00	6.054945252711511294e+00
-3.185516599651271874e-01	-1.183578732412349455e+00	8.387433681105338934e+00
-6.670963666534088787e-01	-1.376310163160744615e+00	8.679611505579241104e-01
-4.474988023558201244e-01	-1.457324131937928868e+00	8.281563443369823752e-01
-4.355687975277583446e-01	-8.999274955439802159e-01	3.360115566666284526e+00
-6.979964244202790935e-02	-6.989924064925161495e-01	3.455308253509055127e+00
-6.858151851542952926e-01	-2.965380302658249256e-01	2.373060050013077849e+00
-6.540743988673878295e-01	-1.260814359331751122e+00	5.906710259580936651e+00
-6.305484248620329968e-02	-1.418014964379207932e+00	2.373544415570759902e+00
-8.539437740356150552e-01	-8.926614002310628848e-01	6.090222638131237431e+00
-4.275393632972595004e-01	-1.066386941065320171e+00	3.349174466612110823e+00
