angle	angular_velocity	angular_acceleration
5.000000000000000000e-01	5.000000000000000000e-01	-4.705303131229947589e+00
5.024400486968916280e-01	4.764418802280518950e-01	-4.724150899084264665e+00
5.047621035974662052e-01	4.527814297006551025e-01	-4.744101459954066513e+00
5.069656646189542037e-01	4.290238705604363934e-01	-4.763010999780050270e+00
5.090502594608153908e-01	4.051744103349770865e-01	-4.780878373618520527e+00
5.110154418389060149e-01	3.812382583860152163e-01	-4.797703228834137690e+00
5.128607915092147085e-01	3.572206257815765396e-01	-4.813485254404753277e+00
5.145859142740634162e-01	3.331267249312140355e-01	-4.828224220767566521e+00
5.161904419890862572e-01	3.089617692852685282e-01	-4.841919914223410615e+00
5.176740325570136081e-01	2.847309733277818000e-01	-4.854572196275739770e+00
5.190363699560958111e-01	2.604395518132236464e-01	-4.866181047896418477e+00
5.202771642450018108e-01	2.360927195167600023e-01	-4.876746493537112315e+00
5.213961515507443689e-01	2.116956914772792353e-01	-4.886268250641691679e+00
5.223930940098910902e-01	1.872536845547618789e-01	-4.894746221525466012e+00
5.232677798603689867e-01	1.627719147759515428e-01	-4.902180559938472015e+00
5.240200234219848374e-01	1.382555977923493884e-01	-4.908571338681980478e+00
5.246496650827252584e-01	1.137099493261221617e-01	-4.913918342189219857e+00
5.251565712690943188e-01	8.914018627900430203e-02	-4.918221571496630418e+00
5.255406344960025233e-01	6.455152475424638658e-02	-4.921481144001312202e+00
5.258017733530121474e-01	3.994918054822092085e-02	-4.923697119317139936e+00
5.259399324968709877e-01	1.533836952075347954e-02	-4.924869345354989214e+00
5.259550826403559531e-01	-9.275691805669859791e-03	-4.924997855585033335e+00
5.258472205728871307e-01	-3.388778740908925807e-02	-4.924082706405567222e+00
5.256163691535504778e-01	-5.849270140070036983e-02	-4.922123909762131433e+00
5.252625773095045414e-01	-8.308521779556533871e-02	-4.919121420074390016e+00
5.247859200350881714e-01	-1.076601203282080144e-01	-4.915075211534038147e+00
5.241864983938290257e-01	-1.322121928666894763e-01	-4.909985312097333576e+00
5.234644395180381160e-01	-1.567362192910927432e-01	-4.903851720558137117e+00
5.226198966052073569e-01	-1.812269838577208192e-01	-4.896674601311005404e+00
5.216530489187634068e-01	-2.056792711059033940e-01	-4.888453854324467329e+00
5.205641017935492831e-01	-2.300878651805018660e-01	-4.879189467420218307e+00
5.193532866325755171e-01	-2.544475502334218042e-01	-4.868881442343251820e+00
5.180208609070067194e-01	-2.787531104252899961e-01	-4.857529780838603983e+00
5.165671081561618028e-01	-3.029993299254543637e-01	-4.845134484651310913e+00
5.149923379875138707e-01	-3.271809929119839921e-01	-4.831695555526380303e+00
5.132968860766897734e-01	-3.512928835716689346e-01	-4.817212995208763004e+00
5.114811141591851795e-01	-3.753297867911219443e-01	-4.801687492239636867e+00
5.095454099600033038e-01	-3.992864940255540507e-01	-4.785119924130839308e+00
5.074901872902806144e-01	-4.231577952392587827e-01	-4.767509737665960756e+00
5.053158860334786562e-01	-4.469384800573611427e-01	-4.748857081739686237e+00
5.030229721323959957e-01	-4.706233388491239400e-01	-4.729162105246388137e+00
5.006119375891686651e-01	-4.942071627279474022e-01	-4.708425051587425969e+00
4.980833003085404220e-01	-5.176847494085553558e-01	-4.686648398003171678e+00
4.954376041126855590e-01	-5.410509026530780918e-01	-4.663831606938231289e+00
4.926754189414418450e-01	-5.643004247880367696e-01	-4.639975043385959452e+00
4.897973407523766864e-01	-5.874281204390269240e-01	-4.615079167391854753e+00
4.868039914045167449e-01	-6.104287998733031184e-01	-4.589146466187571605e+00
4.836960184187160672e-01	-6.332972858887563339e-01	-4.562177759274732125e+00
4.804740954423388222e-01	-6.560284004551402148e-01	-4.534173308206163711e+00
4.771389220917306995e-01	-6.786169692427211908e-01	-4.505133938020435380e+00
4.736912238629496508e-01	-7.010578238390647865e-01	-4.475062221957330166e+00
4.701317515024390215e-01	-7.233458168906927721e-01	-4.443961451672919338e+00
4.664612817801457867e-01	-7.454758035017916562e-01	-4.411831454417551868e+00
4.626806174028070817e-01	-7.674426433205429054e-01	-4.378673618142386204e+00
4.587905869034700768e-01	-7.892412031555871010e-01	-4.344489952854928561e+00
4.547920438948093724e-01	-8.108663721200253249e-01	-4.309286457846610574e+00
4.506858674342129056e-01	-8.323130542268500909e-01	-4.273063487932574844e+00
4.464729624321223667e-01	-8.535761601071087945e-01	-4.235823338238844826e+00
4.421542591563071833e-01	-8.746506159606990405e-01	-4.197570751838384240e+00
4.377307126871952114e-01	-8.955313722396056608e-01	-4.158308766718675997e+00
4.332033038283105708e-01	-9.162133891335088043e-01	-4.118039752568279255e+00
4.285730387612709524e-01	-9.366916420400340781e-01	-4.076767925278659277e+00
4.238409479352370224e-01	-9.569611387423143656e-01	-4.034500004928531780e+00
4.190080869756452331e-01	-9.770169053629751410e-01	-3.991238110922665783e+00
4.140755368472446851e-01	-9.968539838441204948e-01	-3.946986120130759446e+00
4.090444029001836790e-01	-1.016467445274052084e+00	-3.901752745094768215e+00
4.039158143397314493e-01	-1.035852397065612607e+00	-3.855541629964136519e+00
3.986909257132953410e-01	-1.055003962826523534e+00	-3.808357193413826280e+00
3.933709163470303083e-01	-1.073917290008781888e+00	-3.760207869890905386e+00
3.879569874013759634e-01	-1.092587585850076648e+00	-3.711099164341135292e+00
3.824503661130914112e-01	-1.111010065608487585e+00	-3.661037787092823237e+00
3.768523034111915249e-01	-1.129179981651418974e+00	-3.610029582229685730e+00
3.711640732334192672e-01	-1.147092630009459047e+00	-3.558086074956463563e+00
3.653869724533001517e-01	-1.164743351344595279e+00	-3.505212981275462880e+00
3.595223218955680422e-01	-1.182127520017162592e+00	-3.451418594403207862e+00
3.535714654621742170e-01	-1.199240553810311027e+00	-3.396711876648964790e+00
3.475357696582463407e-01	-1.216077915990101399e+00	-3.341102064140613948e+00
3.414166233339648859e-01	-1.232635118190866574e+00	-3.284599323931161052e+00
3.352154376352211584e-01	-1.248907724098579530e+00	-3.227214282078080032e+00
3.289336456283888932e-01	-1.264891351886384685e+00	-3.168957981493008447e+00
3.225727023376231406e-01	-1.280581669201115158e+00	-3.109839065793607915e+00
3.161340845107087349e-01	-1.295974395090060849e+00	-3.049870025443738086e+00
3.096192900426718575e-01	-1.311065310677793416e+00	-2.989062789464810521e+00
3.030298378884210275e-01	-1.325850257339849181e+00	-2.927429635108637740e+00
2.963672674321866096e-01	-1.340325139292167789e+00	-2.864983444108133881e+00
2.896331381640364078e-01	-1.354485925828232240e+00	-2.801737337290546748e+00
2.828290298649553391e-01	-1.368328652972745862e+00	-2.737704927607751415e+00
2.759565421180114608e-01	-1.381849425908471041e+00	-2.672900278744464231e+00
2.690172935508156060e-01	-1.395044421688531155e+00	-2.607338108119961362e+00
2.620129214098154136e-01	-1.407909891583809081e+00	-2.541033340840272103e+00
2.549450818640635608e-01	-1.420442162628188898e+00	-2.474001412236134456e+00
2.478154494021586884e-01	-1.432637640160979942e+00	-2.406258214419722208e+00
2.406257160601908140e-01	-1.444492810084253565e+00	-2.337820095945630783e+00
2.333775909133014859e-01	-1.456004241107625052e+00	-2.268703843430557754e+00
2.260728003470111047e-01	-1.467168586956252740e+00	-2.198926693738485483e+00
2.187130874101183564e-01	-1.477982588622160920e+00	-2.128506323212377538e+00
2.113002108219380337e-01	-1.488443075725209841e+00	-2.057460482228862020e+00
2.038359445014595595e-01	-1.498546968608418295e+00	-1.985807844285773172e+00
1.963220781676247029e-01	-1.508291281941756434e+00	-1.913567389632589766e+00
1.887604164542822371e-01	-1.517673126234136971e+00	-1.840758514417757397e+00
1.811527785127359236e-01	-1.526689710032093750e+00	-1.767401055188315695e+00
1.735009974101375252e-01	-1.535338341633318393e+00	-1.693514748630150279e+00
1.658069174262646883e-01	-1.543616425822392557e+00	-1.619119317867443897e+00
1.580723962431692109e-01	-1.551521472195586560e+00	-1.544236272960006318e+00
1.502993043235896220e-01	-1.559051096827072325e+00	-1.468886916836254386e+00
1.424895240153574716e-01	-1.566203023286136364e+00	-1.393092963962430986e+00
1.346449490946985961e-01	-1.572975084693939651e+00	-1.316876539790996503e+00
1.267674834072903545e-01	-1.579365221484107407e+00	-1.240257881735033152e+00
1.188590394487459845e-01	-1.585371478874889162e+00	-1.163260066172369989e+00
1.109215403602071548e-01	-1.590992020602883583e+00	-1.085906337236224317e+00
1.029569183828712015e-01	-1.596225125795435629e+00	-1.008219927828122309e+00
9.496711431030645245e-02	-1.601069190594154312e+00	-9.302244318148495950e-01
8.695407691445203313e-02	-1.605522729462860454e+00	-8.519429689647495252e-01
7.891976075870929530e-02	-1.609584364036944937e+00	-7.733967720292866943e-01
7.086612716091718334e-02	-1.613252836303377569e+00	-6.946116288120265381e-01
6.279514398320842905e-02	-1.616527012719192635e+00	-6.156118628952071958e-01
5.470878460624827022e-02	-1.619405882029897326e+00	-5.364220880977654815e-01
4.660902737369362198e-02	-1.621888556720005425e+00	-4.570672084763600651e-01
3.849785470778410712e-02	-1.623974270365342809e+00	-3.775697879527797340e-01
3.037725164963055516e-02	-1.625662367816149700e+00	-2.979541378314252142e-01
2.224920664550295718e-02	-1.626952323368973774e+00	-2.182458372153632808e-01
1.411571051024929080e-02	-1.627843736222660986e+00	-1.384698242122794909e-01
5.978755766725064175e-03	-1.628336330566854118e+00	-5.865101491917812382e-02
-2.159663982236069424e-03	-1.628429951375631735e+00	2.118690751353824453e-02
-1.029755464986456884e-02	-1.628124567413453017e+00	1.010181899390545368e-01
-1.843292225944436966e-02	-1.627420274703864411e+00	1.808176723917540585e-01
-2.656377355931782702e-02	-1.626317295259840146e+00	2.605600894249846533e-01
-3.468811669236695344e-02	-1.624815975381919353e+00	3.402217498168056409e-01
-4.280396208060980451e-02	-1.622916776177026454e+00	4.197785325662835021e-01
-5.090932267807318778e-02	-1.620620286922622943e+00	4.992048106446418387e-01
-5.900221467988304297e-02	-1.617927221932434989e+00	5.784757366237727183e-01
-6.708065816723107755e-02	-1.614838419733754193e+00	6.575665923664928414e-01
-7.514267764881633893e-02	-1.611354836175397764e+00	7.364551384173410042e-01
-8.318630268766843971e-02	-1.607477545074774694e+00	8.151160477744952004e-01
-9.120956859663723049e-02	-1.603207744928162981e+00	8.935250601567759077e-01
-9.921051701318150950e-02	-1.598546754963185768e+00	9.716580537019581243e-01
-1.071871964762817903e-01	-1.593496013472216921e+00	1.049492148596186780e+00
-1.151376627676928416e-01	-1.588057068121206061e+00	1.127004917894396385e+00
-1.230599798308858461e-01	-1.582231585929701145e+00	1.204172290570454606e+00
-1.309522203267618479e-01	-1.576021350882365279e+00	1.280971172828913041e+00
-1.388124662026518907e-01	-1.569428261992986240e+00	1.357379110558213142e+00
-1.466388089895829250e-01	-1.562454327189566117e+00	1.433374220938162580e+00
-1.544293503474707951e-01	-1.555101661527989343e+00	1.508935267435845162e+00
-1.621822029926861530e-01	-1.547372492081517503e+00	1.584039608272746591e+00
-1.698954911943997836e-01	-1.539269155301621117e+00	1.658665689071540328e+00
-1.775673512383612040e-01	-1.530794094192488020e+00	1.732792900389426904e+00
-1.851959313154601661e-01	-1.521949849507268082e+00	1.806401625825742485e+00
-1.927793927793106099e-01	-1.512739066088967688e+00	1.879470745164439904e+00
-2.003159106465418615e-01	-1.503164490785279694e+00	1.951980305557071915e+00
-2.078036739942376865e-01	-1.493228969191970235e+00	2.023910747530976550e+00
-2.152408864707597846e-01	-1.482935443621868021e+00	2.095242931662141928e+00
-2.226257665213031978e-01	-1.472286950463421729e+00	2.165958412216014040e+00
-2.299565476095693783e-01	-1.461286617417953737e+00	2.236038968782622760e+00
-2.372314793170688940e-01	-1.449937662147910977e+00	2.305466925450332383e+00
-2.444488275052295045e-01	-1.438243389181462106e+00	2.374225175294441215e+00
-2.516068747302103170e-01	-1.426207187141810717e+00	2.442297176980900986e+00
-2.587039206671101765e-01	-1.413832526579866133e+00	2.509666009865441083e+00
-2.657382827586881602e-01	-1.401122969328416845e+00	2.576313624268664171e+00
-2.727082963841089280e-01	-1.388082154688934367e+00	2.642225829777657964e+00
-2.796123152288655933e-01	-1.374713795990890386e+00	2.707387534476197288e+00
-2.864487117177689224e-01	-1.361021680723016436e+00	2.771784155531690885e+00
-2.932158773834752097e-01	-1.347009667957044909e+00	2.835401631995182470e+00
-2.999122232403028110e-01	-1.332681688224282013e+00	2.898225021994221606e+00
-3.065361801559808308e-01	-1.318041744692448392e+00	2.960241141357073502e+00
-3.130861991420337276e-01	-1.303093903218088379e+00	3.021437338889199964e+00
-3.195607517005494835e-01	-1.287842292857756865e+00	3.081801179332842366e+00
-3.259583301428770619e-01	-1.272291103605019735e+00	3.141320713174877710e+00
-3.322774478929187425e-01	-1.256444584080231408e+00	3.199984261475037783e+00
-3.385166396796476240e-01	-1.240307042568438822e+00	3.257779992234986821e+00
-3.446744619000855492e-01	-1.223882841932938170e+00	3.314697620901370101e+00
-3.507494929104778003e-01	-1.207176396564334953e+00	3.370726883077850289e+00
-3.567403332562305573e-01	-1.190192171009200939e+00	3.425857971992058992e+00
-3.626456059177678992e-01	-1.172934677679573712e+00	3.480081539860634621e+00
-3.684639565508270875e-01	-1.155408475571862326e+00	3.533388079315955110e+00
-3.741940537225175722e-01	-1.137618170235698667e+00	3.585768971182005771e+00
-3.798345891035425081e-01	-1.119568407812524313e+00	3.637216177736831924e+00
-3.853842776779300427e-01	-1.101263874266657172e+00	3.687721915678707774e+00
-3.908418579350250721e-01	-1.082709293418115726e+00	3.737278818825075177e+00
-3.962060920491102811e-01	-1.063909424844824869e+00	3.785879839553899728e+00
-4.014757661472013739e-01	-1.044869064746091203e+00	3.833517619888993977e+00
-4.066496903934581630e-01	-1.025593041694188523e+00	3.880186288743345813e+00
-4.117266991280053579e-01	-1.006086214343411278e+00	3.925879844972996580e+00
-4.167056510301531125e-01	-9.863534702044294278e-01	3.970592694229878816e+00
-4.215854292512525303e-01	-9.663997238558538205e-01	4.014319598085819507e+00
-4.263649415858793978e-01	-9.462299158144700240e-01	4.057055246655124847e+00
-4.310431207289455724e-01	-9.258490126849506785e-01	4.098794917285090378e+00
-4.356189241518119704e-01	-9.052620025170547979e-01	4.139534402754122766e+00
-4.400913342822766472e-01	-8.844738942806353865e-01	4.179269636710500890e+00
-4.444593586104265137e-01	-8.634897165430179822e-01	4.217996840931675706e+00
-4.487220297747663844e-01	-8.423145160582269364e-01	4.255712513481739734e+00
-4.528784056399828839e-01	-8.209533564174386067e-01	4.292413410129995555e+00
-4.569275695152444361e-01	-7.994113174184630521e-01	4.328096251566080355e+00
-4.608686302580484728e-01	-7.776934940366513338e-01	4.362758334719217146e+00
-4.647007221023600754e-01	-7.558049942916473807e-01	4.396397065648216085e+00
-4.684230048416555547e-01	-7.337509387852844123e-01	4.429010018462804510e+00
-4.720346638889255098e-01	-7.115364598129534368e-01	4.460594936059635529e+00
-4.755349103312933035e-01	-6.891667005688999481e-01	4.491149710406943996e+00
-4.789229809798545290e-01	-6.666468143095842791e-01	4.520672628802174131e+00
-4.821981384082804634e-01	-6.439819591651071429e-01	4.549162991585376403e+00
-4.853596710001485404e-01	-6.211773011414007950e-01	4.576618692673150690e+00
-4.884068929885393429e-01	-5.982380146210566352e-01	4.603038393418501073e+00
-4.913391444882242998e-01	-5.751692803786021546e-01	4.628420871710375195e+00
-4.941557915269027546e-01	-5.519762850377740726e-01	4.652765006009644821e+00
-4.968562260736538172e-01	-5.286642206096905383e-01	4.676069758937899223e+00
-4.994398660530205425e-01	-5.052382834605571027e-01	4.698334707253195575e+00
-5.019061552987340580e-01	-4.817036701653902298e-01	4.719559487389972219e+00
-5.042545636635666906e-01	-4.580655821374699510e-01	4.739743123364434041e+00
-5.064845870143762641e-01	-4.343292241209074089e-01	4.758885081484777402e+00
-5.085957472365681964e-01	-4.104998033627766940e-01	4.776984891781864917e+00
-5.105875922456585281e-01	-3.865825293228163928e-01	4.794042136722964642e+00
-5.124596959974496713e-01	-3.625826134396855083e-01	4.810056439872312239e+00
-5.142116584877955976e-01	-3.385052680362716782e-01	4.825027959070439465e+00
-5.158431057486367877e-01	-3.143557049976341000e-01	4.838956389939937708e+00
-5.173536898812809426e-01	-2.901391382414963416e-01	4.851841480536876361e+00
-5.187430890510735804e-01	-2.658607824648560047e-01	4.863683098553480022e+00
-5.200110074923518511e-01	-2.415258529682005051e-01	4.874481133450288439e+00
-5.211571755138959539e-01	-2.171395655652106627e-01	4.884235489086648840e+00
-5.221813495043288178e-01	-1.927071365242534473e-01	4.892946105171972704e+00
-5.230833118700781714e-01	-1.682337815668345227e-01	4.900613224548322933e+00
-5.238628710687256440e-01	-1.437247162632040443e-01	4.907236664096657819e+00
-5.245198616616829623e-01	-1.191851567253586486e-01	4.912816404683660210e+00
-5.250541442850975571e-01	-9.462031913703108921e-02	4.917352431375569211e+00
-5.254656056535558228e-01	-7.003541976604628350e-02	4.920844724742941878e+00
-5.257541585647766968e-01	-4.543567499645531638e-02	4.923293257039453863e+00
-5.259197418961865100e-01	-2.082630129378376660e-02	4.924698086454684542e+00
-5.259623204984843481e-01	3.787485768088322269e-03	4.925059358558559808e+00
-5.258818853206518318e-01	2.840047036213287635e-02	4.924376953944074486e+00
-5.256784534072405091e-01	5.300743643456476417e-02	4.922650864628725031e+00
-5.253520678803608179e-01	7.760316787728829824e-02	4.919881076803761744e+00
-5.249027979447997705e-01	1.021824484982731818e-01	4.916067570696931455e+00
-5.243307388945159797e-01	1.267400619921814353e-01	4.911210320817090746e+00
-5.236360120807802554e-01	1.512707920777362491e-01	4.905309405299249192e+00
-5.228187648046864755e-01	1.757694229581315271e-01	4.898364835671785045e+00
-5.218791705102053813e-01	2.002307385553818431e-01	4.890376576883028292e+00
-5.208174287252459456e-01	2.246495228003384803e-01	4.881344642471148632e+00
-5.196337650567180999e-01	2.490205597187518383e-01	4.871269057499603150e+00
-5.183284311954768908e-01	2.733386334979152066e-01	4.860149862258708708e+00
-5.169017049223155746e-01	2.975985285729231267e-01	4.847987117818092884e+00
-5.153538900232279563e-01	3.217950298867248149e-01	4.834780975247696233e+00
-5.136853162727252897e-01	3.459229230636013397e-01	4.820531535586979999e+00
-5.118963395815616657e-01	3.699769943389942251e-01	4.805238960360753708e+00
-5.099873419237924699e-01	3.939520308851644503e-01	4.788903459872955182e+00
-5.079587313362902146e-01	4.178428210500471085e-01	4.771525295567727198e+00
-5.058109419186823663e-01	4.416441546308119137e-01	4.753104787309496260e+00
-5.035444338286190202e-01	4.653508231813534568e-01	4.733642314398963435e+00
-5.011596931297532809e-01	4.889576202482053269e-01	4.713138308017249756e+00
-4.986572319079418114e-01	5.124593418512419785e-01	4.691593319517522787e+00
-4.960375882996592156e-01	5.358507869423938530e-01	4.669007974823728091e+00
-4.933013264354466076e-01	5.591267578468558375e-01	4.645382999653008937e+00
-4.904490364269220581e-01	5.822820607861983744e-01	4.620719229352403090e+00
-4.874813343524393994e-01	6.053115064517842203e-01	4.595017619187672153e+00
-4.843988622172888947e-01	6.282099105522311877e-01	4.568279189658312589e+00
-4.812022877960576706e-01	6.509720940358795227e-01	4.540505102637553136e+00
-4.778923047905350163e-01	6.735928844053564735e-01	4.511696749746704427e+00
-4.744696327581625073e-01	6.960671163477551993e-01	4.481855637345120158e+00
-4.709350170607762842e-01	7.183896324980791892e-01	4.450983441806897645e+00
-4.672892288276550010e-01	7.405552843189344703e-01	4.419082021596409504e+00
-4.635330649153133753e-01	7.625589330415700751e-01	4.386153429749697352e+00
-4.596673478103847632e-01	7.843954503106642662e-01	4.352199729472090439e+00
-4.556929255133267964e-01	8.060597187893282500e-01	4.317223393440997370e+00
-4.516106716342483951e-01	8.275466342818260657e-01	4.281227109810345155e+00
-4.474214852658599528e-01	8.488511064533845740e-01	4.244213767110522895e+00
-4.431262909117304472e-01	8.699680600196948443e-01	4.206186502059665600e+00
-4.387260384120091894e-01	8.908924360202372661e-01	4.167148712808227629e+00
-4.342217028633010845e-01	9.116191931538728532e-01	4.127104044042425812e+00
-4.296142844594209032e-01	9.321433082222426725e-01	4.086056133353281439e+00
-4.249048084290132921e-01	9.524597779874850456e-01	4.044009331767540516e+00
-4.200943249857623241e-01	9.725636213458802581e-01	4.000968133877222499e+00
-4.151839091834156337e-01	9.924498804118484507e-01	3.956937343182346467e+00
-4.101746607978808412e-01	1.012113622115733191e+00	3.911922089365248212e+00
-4.050677042017677976e-01	1.031549939866699406e+00	3.865927841418624666e+00
-3.998641882272775394e-01	1.050753955158423070e+00	3.818960280329406487e+00
-3.945652859783045363e-01	1.069720817877304331e+00	3.771025308615548965e+00
-3.891721947285803895e-01	1.088445709689696228e+00	3.722129560186999697e+00
-3.836861357578797427e-01	1.106923845793202466e+00	3.672279874187324822e+00
-3.781083541725722141e-01	1.125150476518076204e+00	3.621483472921681823e+00
-3.724401187256545231e-01	1.143120889270867080e+00	3.569747973351013570e+00
-3.666827216270789891e-01	1.160830410535666601e+00	3.517081398650361734e+00
-3.608374783462802160e-01	1.178274407459867001e+00	3.463491877936689889e+00
-3.549057274086080960e-01	1.195448288594213482e+00	3.408988151172025027e+00
-3.488888301651396628e-01	1.212347508207832103e+00	3.353579522863924467e+00
-3.427881705654625688e-01	1.228967567664883465e+00	3.297275609612142944e+00
-3.366051549166124146e-01	1.245304017475167502e+00	3.240086463474654010e+00
-3.303412116303066082e-01	1.261352459491932976e+00	3.182022580548846236e+00
-3.239977909586995719e-01	1.277108549152294881e+00	3.123094899044190242e+00
-3.175763647590061911e-01	1.292567996665588081e+00	3.063314344586274274e+00
-3.110784262161122582e-01	1.307726569051735233e+00	3.002692879531764447e+00
-3.045054894818655655e-01	1.322580094134618189e+00	2.941242755318739910e+00
-2.978590893992015265e-01	1.337124461953209220e+00	2.878976648694560936e+00
-2.911407811823005232e-01	1.351355627052463371e+00	2.815907697708894375e+00
-2.843521400842213831e-01	1.365269610799581423e+00	2.752049505982654409e+00
-2.774947610564559852e-01	1.378862503659056493e+00	2.687416053302285945e+00
-2.705702585075261957e-01	1.392130465969184883e+00	2.622021468414118317e+00
-2.635802658466170345e-01	1.405069731474413386e+00	2.555880890668049688e+00
-2.565264350725093845e-01	1.417676610079046329e+00	2.489009685228893431e+00
-2.494104364227030246e-01	1.429947489615728040e+00	2.421423672161154172e+00
-2.422339579726912329e-01	1.441878838116792627e+00	2.353139125517941466e+00
-2.349987052225220585e-01	1.453467206080180096e+00	2.284172772067449841e+00
-2.277064007053416217e-01	1.464709228456090750e+00	2.214541565311606064e+00
-2.203587837415105499e-01	1.475601625387362725e+00	2.144262934063931425e+00
-2.129576097209071039e-01	1.486141206513263757e+00	2.073355010529667197e+00
-2.055046497156793328e-01	1.496324872578658205e+00	2.001836194824136328e+00
-1.980016900405693336e-01	1.506149617329904267e+00	1.929725302943893439e+00
-1.904505317759553618e-01	1.515612529575682821e+00	1.857041559565345779e+00
-1.828529902791688755e-01	1.524710795209864411e+00	1.783804590052000094e+00
-1.752108946841127168e-01	1.533441699192381824e+00	1.710034411632250340e+00
-1.675260874236291775e-01	1.541802627347398813e+00	1.635751280745694203e+00
-1.598004240440015766e-01	1.549791066905544357e+00	1.560975739213404268e+00
-1.520357722744437035e-01	1.557404609902032888e+00	1.485728994385226542e+00
-1.442340115505961196e-01	1.564640954667848582e+00	1.410032428965564577e+00
-1.363970325429354202e-01	1.571497907191841348e+00	1.333907739793971814e+00
-1.285267366147103130e-01	1.577973382648309775e+00	1.257376920655929098e+00
-1.206250352723799574e-01	1.584065406835502232e+00	1.180462243817146373e+00
-1.126938496089732455e-01	1.589772117518543970e+00	1.103186240232730597e+00
-1.047351097391862884e-01	1.595091765849516285e+00	1.025571937934728339e+00
-9.675075419823556122e-02	1.600022720954230593e+00	9.476430668302100457e-01
-8.874272939769070612e-02	1.604563467588803194e+00	8.694225392032421951e-01
-8.071298904590024081e-02	1.608712606969988190e+00	7.909339390604372966e-01
-7.266349355292642254e-02	1.612468858665135896e+00	7.122010401285479020e-01
-6.459620943937838256e-02	1.615831061486660669e+00	6.332477841725676626e-01
-5.651310874154288899e-02	1.618798174275498214e+00	5.540982582506330800e-01
-4.841616841342376298e-02	1.621369276568193074e+00	4.747766708852623196e-01
-4.030736972302804977e-02	1.623543569218916627e+00	3.953075094826772329e-01
-3.218869748841490797e-02	1.625320378605678684e+00	3.157161898689082591e-01
-2.406213959381984027e-02	1.626699154114651602e+00	2.360267548860974784e-01
-1.592968643560084205e-02	1.627679467119395929e+00	1.562639182851626174e-01
-7.793330248229046048e-03	1.628261012631868621e+00	7.645243920842403895e-02
3.449355117893133926e-04	1.628443609469330866e+00	-3.382901224654233374e-03
8.483116781997420558e-03	1.628227200306165967e+00	-8.321732324191088992e-02
1.661921950941438325e-02	1.627611851607656757e+00	-1.630260723308083470e-01
2.475125026503402492e-02	1.626597753451308970e+00	-2.427843672110157058e-01
3.287721698735331793e-02	1.625185222091755755e+00	-3.224665907765711381e-01
4.099512953708222412e-02	1.623374698326719434e+00	-4.020485432623672750e-01
4.910300020628761974e-02	1.621166744811867400e+00	-4.815056009147156146e-01
5.719884440027293154e-02	1.618562047114317393e+00	-5.608132234225422508e-01
6.528068124681397910e-02	1.615561413149794623e+00	-6.399469933098771435e-01
7.334653420131261037e-02	1.612165772517649476e+00	-7.188826363797033991e-01
8.139443164718443424e-02	1.608376175733712055e+00	-7.975960421483705431e-01
8.942240749080559992e-02	1.604193793361078590e+00	-8.760632732956992186e-01
9.742850188925109012e-02	1.599619916058585556e+00	-9.542601697967256769e-01
1.054107618465266738e-01	1.594655953613068444e+00	-1.032163347392952346e+00
1.133672415874325823e-01	1.589303432294504992e+00	-1.109749476607703400e+00
1.212960032494202756e-01	1.583563994505080341e+00	-1.186995442871193518e+00
1.291951174561997706e-01	1.577439397527345744e+00	-1.263878390922172912e+00
1.370626638833778721e-01	1.570931512187029311e+00	-1.340375741229991036e+00
1.448967318158084217e-01	1.564042321434877092e+00	-1.416465205969984709e+00
1.526954206960468297e-01	1.556773918849819083e+00	-1.492124804116542691e+00
1.604568407763063420e-01	1.549128507526053689e+00	-1.567332639584606113e+00
1.681791137414549164e-01	1.541108398809994062e+00	-1.642067417991142975e+00
1.758603729561139528e-01	1.532716009480234565e+00	-1.716308140993874076e+00
1.834987641138874637e-01	1.523953860543165950e+00	-1.790034127180206269e+00
1.910924457524640074e-01	1.514824575467125900e+00	-1.863225056620194664e+00
1.986395897548163259e-01	1.505330878350377377e+00	-1.935860980888151062e+00
2.061383818394463274e-01	1.495475592041115132e+00	-2.007922332235352769e+00
2.135870220391954399e-01	1.485261636213815795e+00	-2.079389931878381503e+00
2.209837252645565076e-01	1.474692025203644841e+00	-2.150245117880785983e+00
2.283267219379550850e-01	1.463769865631048939e+00	-2.220469525935300226e+00
2.356142580827216004e-01	1.452498355116470519e+00	-2.290045187066994004e+00
2.428445959102547846e-01	1.440880779894627484e+00	-2.358954585800802306e+00
2.500160142653369832e-01	1.428920512678629073e+00	-2.427180631388182519e+00
2.571268090484316593e-01	1.416621010528410274e+00	-2.494706661180202900e+00
2.641752936259736950e-01	1.403985812704895642e+00	-2.561516442954598460e+00
2.711597992283641956e-01	1.391018538515251368e+00	-2.627594176153479566e+00
2.780786753819104451e-01	1.377722884803819881e+00	-2.692924736548206965e+00
2.849302904399749203e-01	1.364102622599888903e+00	-2.757493299832958655e+00
2.917130316914891552e-01	1.350161596863947766e+00	-2.821285330698174221e+00
2.984253058014803006e-01	1.335903723642097418e+00	-2.884286850457783657e+00
3.050655391723315901e-01	1.321332987736411502e+00	-2.946484322572359815e+00
3.116321782778968541e-01	1.306453440502438612e+00	-3.007864649559337522e+00
3.181236899855536260e-01	1.291269197664853152e+00	-3.068415168811043259e+00
3.245385618661101867e-01	1.275784437156796125e+00	-3.128123647295637966e+00
3.308753025101800471e-01	1.260003396724698188e+00	-3.186978501418138876e+00
3.371324419340346878e-01	1.243930370129894269e+00	-3.244968610628689021e+00
3.433085317201089448e-01	1.227569706969198871e+00	-3.302082992568216468e+00
3.494021453199898652e-01	1.210925810071200592e+00	-3.358311256742808837e+00
3.554118783340912135e-01	1.194003133101224634e+00	-3.413643449085270731e+00
3.613363487673522667e-01	1.176806178390506163e+00	-3.468070047735864136e+00
3.671741972757022188e-01	1.159339494787747116e+00	-3.521581944814556664e+00
3.729240872931447459e-01	1.141607676290353979e+00	-3.574170171495893555e+00
3.785847052587387185e-01	1.123615359961545934e+00	-3.625826510469210007e+00
3.841547609423779375e-01	1.105367223145624189e+00	-3.676543016153914323e+00
3.896329875740497939e-01	1.086867982004611877e+00	-3.726312107797298268e+00
3.950181420261943410e-01	1.068122389675370432e+00	-3.775126567326424265e+00
4.003090049853081367e-01	1.049135234488794755e+00	-3.822979526461381283e+00
4.055043811394582476e-01	1.029911337924434234e+00	-3.869864726192190574e+00
4.106030994839807713e-01	1.010455551031678834e+00	-3.915776255003720507e+00
4.156040132852914515e-01	9.907727550588587562e-01	-3.960708220338403862e+00
4.205060002699050337e-01	9.708678592272473873e-01	-4.004655237187478178e+00
4.253079627830873011e-01	9.507457988424214967e-01	-4.047612250518284327e+00
4.300088279237112565e-01	9.304115336677779569e-01	-4.089574526187561787e+00
4.346075476731263709e-01	9.098700463440745345e-01	-4.130537631431877799e+00
4.391030988801175594e-01	8.891263413506981239e-01	-4.170497259012847735e+00
4.434944833904805872e-01	8.681854434786245855e-01	-4.209449608512215946e+00
4.477807282774385889e-01	8.470523959738427422e-01	-4.247391072221432751e+00
4.519608858547825014e-01	8.257322594914756619e-01	-4.284318293783769604e+00
4.560340337570054081e-01	8.042301108456264558e-01	-4.320228160822637165e+00
4.599992750125767582e-01	7.825510418211846231e-01	-4.355117792435123647e+00
4.638557381268130220e-01	7.607001579260056490e-01	-4.388984623937858487e+00
4.676025772280509307e-01	7.386825766799693938e-01	-4.421826295625692183e+00
4.712389720216615396e-01	7.165034273768334794e-01	-4.453640550824218280e+00
4.747641278740537540e-01	6.941678498840606615e-01	-4.484425384800829306e+00
4.781772758766865139e-01	6.716809936183133489e-01	-4.514178979025814442e+00
4.814776728978597542e-01	6.490480166406062956e-01	-4.542899690899332654e+00
4.846646016315196981e-01	6.262740848026134843e-01	-4.570586040304988273e+00
4.877373705354040578e-01	6.033643710830902673e-01	-4.597236655462609178e+00
4.906953138937639181e-01	5.803240548094703577e-01	-4.622850369642378610e+00
4.935377919405203873e-01	5.571583208470434201e-01	-4.647426127386040662e+00
4.962641908306256178e-01	5.338723590295585408e-01	-4.670962995158618014e+00
4.988739226618587042e-01	5.104713635687260220e-01	-4.693460152828833998e+00
5.013664254936155418e-01	4.869605325107506100e-01	-4.714916884396274099e+00
5.037411633705296543e-01	4.633450672157418682e-01	-4.735332586447981384e+00
5.059976263724651480e-01	4.396301717946400900e-01	-4.754706740231142703e+00
5.081353305820612842e-01	4.158210528288134866e-01	-4.773038891227940894e+00
5.101538181103798530e-01	3.919229189501310384e-01	-4.790328667244352800e+00
5.120526571133312554e-01	3.679409804820791274e-01	-4.806575762304731825e+00
5.138314418039672260e-01	3.438804491253701912e-01	-4.821779930110665191e+00
5.154897924642263263e-01	3.197465376758964473e-01	-4.835940971679690392e+00
5.170273553776666420e-01	2.955444600027644642e-01	-4.849058661415540428e+00
5.184438028612065041e-01	2.712794307644923464e-01	-4.861132910748636959e+00
5.197388333291688145e-01	2.469566650564982979e-01	-4.872163627670261121e+00
5.209121712586962660e-01	2.225813783706250271e-01	-4.882150745907551936e+00
5.219635671909274022e-01	1.981587864718992176e-01	-4.891094221648927487e+00
5.228927977316489839e-01	1.736941052964204313e-01	-4.898994029584670784e+00
5.236996655547514479e-01	1.491925508960268987e-01	-4.905850141906881845e+00
5.243839994146382022e-01	1.246593394630733515e-01	-4.911662543265272518e+00
5.249456541313312075e-01	1.000996871706734126e-01	-4.916431245698746011e+00
5.253845105954373373e-01	7.551881015293812616e-02	-4.920156255367494680e+00
5.257004757718343191e-01	5.092192450249605901e-02	-4.922837582462086914e+00
5.258934827021913838e-01	2.631424625325158931e-02	-4.924475240167078383e+00
5.259634905079363376e-01	1.700991367900223095e-03	-4.925069237803635147e+00
5.259104843484028180e-01	-2.291262406085903258e-02	-4.924619520831706510e+00
5.257344754367293538e-01	-4.752138387795983021e-02	-4.923126119585457872e+00
5.254355010714604202e-01	-7.212007200851630606e-02	-4.920589032966894649e+00
5.250136246177249388e-01	-9.670347236887644193e-02	-4.917008259605317733e+00
5.244689355074138026e-01	-1.212663688735968193e-01	-4.912383800566288983e+00
5.238015492406290496e-01	-1.458035454245918405e-01	-4.906715638384000044e+00
5.230116073919095498e-01	-1.703097857800218717e-01	-4.900003761263263868e+00
5.220992776057494789e-01	-1.947798737811805292e-01	-4.892248191921069633e+00
5.210647536003846225e-01	-2.192085933618314608e-01	-4.883448951956623318e+00
5.199082551714151457e-01	-2.435907286026308127e-01	-4.873606079397717394e+00
5.186300281955905644e-01	-2.679210638253772259e-01	-4.862719630692396322e+00
5.172303445906650810e-01	-2.921943834962505426e-01	-4.850789600497108722e+00
5.157095023090708663e-01	-3.164054723184335782e-01	-4.837816112524620848e+00
5.140678253946779908e-01	-3.405491156588899559e-01	-4.823799292772605440e+00
5.123056639532527212e-01	-3.646200995859065208e-01	-4.808739300959445018e+00
5.104233941505130767e-01	-3.886132110734081269e-01	-4.792636341003344569e+00
5.084214182066167931e-01	-4.125232382255253905e-01	-4.775490654218288000e+00
5.063001643617212055e-01	-4.363449704187085665e-01	-4.757302529011809611e+00
5.040600869022263675e-01	-4.600731987356815322e-01	-4.738072345451286083e+00
5.017016661510769193e-01	-4.837027162929039559e-01	-4.717800543270442404e+00
4.992254084551971394e-01	-5.072283186013349932e-01	-4.696487642534748375e+00
4.966318461765862335e-01	-5.306448039900573121e-01	-4.674134252395049316e+00
4.939215376528348078e-01	-5.539469739910195534e-01	-4.650741037543753009e+00
4.910950671565757486e-01	-5.771296337720456249e-01	-4.626308810920988890e+00
4.881530449406119576e-01	-6.001875928696982498e-01	-4.600838494023150815e+00
4.850961071903597821e-01	-6.231156657122698395e-01	-4.574331128753726716e+00
4.819249159998424958e-01	-6.459086722691763649e-01	-4.546787892597649261e+00
4.786401593434685964e-01	-6.685614387421019433e-01	-4.518210090660033984e+00
4.752425510059827274e-01	-6.910687980718750456e-01	-4.488599146087835834e+00
4.717328305814102452e-01	-7.134255909437727805e-01	-4.457956713991677589e+00
4.681117634384590609e-01	-7.356266666651395392e-01	-4.426284597901030793e+00
4.643801406689676003e-01	-7.576668840199157762e-01	-4.393584788777104677e+00
4.605387790409903315e-01	-7.795411122354549693e-01	-4.359859477113502635e+00
4.565885209334010209e-01	-8.012442318813497444e-01	-4.325110989056895505e+00
4.525302342513738973e-01	-8.227711356979495738e-01	-4.289341926581812459e+00
4.483648124094981036e-01	-8.441167301396115263e-01	-4.252555133709961410e+00
4.440931742455279108e-01	-8.652759364016715526e-01	-4.214753679840782752e+00
4.397162639441311027e-01	-8.862436916495904926e-01	-4.175940888780814930e+00
4.352350509555376612e-01	-9.070149503130269242e-01	-4.136120331293568597e+00
4.306505298859307218e-01	-9.275846850402661437e-01	-4.095295760668591356e+00
4.259637204158644441e-01	-9.479478883415508594e-01	-4.053471353757231554e+00
4.211756672063139417e-01	-9.680995741924263154e-01	-4.010651530251664099e+00
4.162874397824032902e-01	-9.880347794218297119e-01	-3.966841018150887521e+00
4.113001324164755057e-01	-1.007748565283875131e+00	-3.922044866171972899e+00
4.062148639990700860e-01	-1.027236018897510705e+00	-3.876268324804186705e+00
4.010327778925050768e-01	-1.046492254334265848e+00	-3.829517064274455151e+00
3.957550418122058322e-01	-1.065512415337004803e+00	-3.781797176969234897e+00
3.903828476693146921e-01	-1.084291676779613356e+00	-3.733115063729883332e+00
3.849174114106800881e-01	-1.102825246455346964e+00	-3.683477499576838454e+00
3.793599728509872149e-01	-1.121108366977337623e+00	-3.632891645914241963e+00
3.737117954955995747e-01	-1.139136317740370385e+00	-3.581365062848476555e+00
3.679741663499513926e-01	-1.156904416443327088e+00	-3.528905359516102180e+00
3.621483957079387750e-01	-1.174408019232500378e+00	-3.475520715518200632e+00
3.562358169674794128e-01	-1.191642525703105138e+00	-3.421219996061267921e+00
3.502377864057825141e-01	-1.208603380106120229e+00	-3.366012308777953876e+00
3.441556829491389524e-01	-1.225286073277769949e+00	-3.309907190209401051e+00
3.379909079332115152e-01	-1.241686144806546599e+00	-3.252914615179406610e+00
3.317448848520715421e-01	-1.257799185246926132e+00	-3.195045006101054241e+00
3.254190591108073738e-01	-1.273620837943667983e+00	-3.136308903925282721e+00
3.190148978232956734e-01	-1.289146799257093301e+00	-3.076717392235764237e+00
3.125338894264984013e-01	-1.304372823785968194e+00	-3.016282343786997444e+00
3.059775434135412198e-01	-1.319294725848873417e+00	-2.955015888352477305e+00
2.993473900361617868e-01	-1.333908381532098675e+00	-2.892930615329078137e+00
2.926449799867688051e-01	-1.348209730999973432e+00	-2.830039578992341376e+00
2.858718840680440909e-01	-1.362194780830842111e+00	-2.766356303508359815e+00
2.790296928726017645e-01	-1.375859606000573887e+00	-2.701894471326454550e+00
2.721200165608317345e-01	-1.389200350049255350e+00	-2.636668249638205452e+00
2.651444843177326316e-01	-1.402213230367678198e+00	-2.570692671364895432e+00
2.581047440193063869e-01	-1.414894539812415752e+00	-2.503983007275564887e+00
2.510024618635064431e-01	-1.427240648701541881e+00	-2.436554985145676255e+00
2.438393219710365267e-01	-1.439248007098319349e+00	-2.368424789556115684e+00
2.366170259731948944e-01	-1.450913147092831146e+00	-2.299609061266664867e+00
2.293372926177975613e-01	-1.462232684823948414e+00	-2.230124662603770958e+00
2.220018575574548014e-01	-1.473203320892946255e+00	-2.159988855905908167e+00
2.146124726197745636e-01	-1.483821844900095943e+00	-2.089219714790942817e+00
2.071709054080366486e-01	-1.494085137152957765e+00	-2.017835545479329085e+00
1.996789388713924862e-01	-1.503990170498156420e+00	-1.945855072962672239e+00
1.921383708292051240e-01	-1.513534012398957573e+00	-1.873297434761298064e+00
1.845510134831019333e-01	-1.522713826980212737e+00	-1.800182174111228051e+00
1.769186929471035230e-01	-1.531526876894812039e+00	-1.726529088896199937e+00
1.692432490107028675e-01	-1.539970523999663721e+00	-1.652358291671816914e+00
1.615265342958373540e-01	-1.548042232776885241e+00	-1.577690555153481000e+00
1.537704137791502668e-01	-1.555739571936673560e+00	-1.502546867362525518e+00
1.459767643070820908e-01	-1.563060215947051690e+00	-1.426948560280379752e+00
1.381474740537235457e-01	-1.570001946722315633e+00	-1.350917297489445446e+00
1.302844419680426469e-01	-1.576562655248028300e+00	-1.274475061140378784e+00
1.223895772381153879e-01	-1.582740343107459369e+00	-1.197644102838239633e+00
1.144647990322770897e-01	-1.588533123607436703e+00	-1.120446933121570510e+00
1.065120355745010072e-01	-1.593939223583526799e+00	-1.042906423762246959e+00
9.853322359381491702e-02	-1.598956984686317639e+00	-9.650456601641508314e-01
9.053030780095218388e-02	-1.603584864543964539e+00	-8.868879657082970880e-01
8.250524029647653135e-02	-1.607821437907690498e+00	-8.084568840786232613e-01
7.445997997101434784e-02	-1.611665397707201519e+00	-7.297761608845121373e-01
6.639649191847663001e-02	-1.615115556059165458e+00	-6.508697832106236092e-01
5.831674712435486879e-02	-1.618170845815168901e+00	-5.717619801914679556e-01
5.022272153802367217e-02	-1.620830320638542377e+00	-4.924769455768682747e-01
4.211639546077790980e-02	-1.623093155704548929e+00	-4.130390857868633248e-01
3.399975299585159677e-02	-1.624958648448599829e+00	-3.334729166550687296e-01
2.587478142763461816e-02	-1.626426219059630585e+00	-2.538030419248116232e-01
1.774347059651764508e-02	-1.627495410864384651e+00	-1.740541310946355225e-01
9.607812286554287540e-03	-1.628165890714246666e+00	-9.425106091021007160e-02
1.469799907307077491e-03	-1.628437451278109238e+00	-1.441901045075155707e-02
-6.668572471496762855e-03	-1.628310008850596180e+00	6.541748728898255649e-02
-1.480531076531783202e-02	-1.627783603231330867e+00	1.452336147718824577e-01
-2.293842142032641654e-02	-1.626858398176853848e+00	2.250045887351461715e-01
-3.106591204345322821e-02	-1.625534681169469087e+00	3.047056842468691684e-01
-3.918579203347181961e-02	-1.623812863064450829e+00	3.843122593253838204e-01
-4.729607321277705390e-02	-1.621693477612797807e+00	4.637997801254414298e-01
-5.539477045166309177e-02	-1.619177180942103389e+00	5.431436145146335548e-01
-6.347990181578455626e-02	-1.616264756074012432e+00	6.223180406852861779e-01
-7.154948956338484656e-02	-1.612957108098649783e+00	7.012996380757385850e-01
-7.960156096402756787e-02	-1.609255261140673632e+00	7.800642584322758921e-01
-8.763414871197186540e-02	-1.605160359568724937e+00	8.585879383498422612e-01
-9.564529152904652221e-02	-1.600673666996565547e+00	9.368469259329685883e-01
-1.036330347634265847e-01	-1.595796565167261649e+00	1.014817704364304518e+00
-1.115954309838702446e-01	-1.590530552718750545e+00	1.092477015803865470e+00
-1.195305405689602585e-01	-1.584877243830667526e+00	1.169801782953868496e+00
-1.274364321816609802e-01	-1.578838371872284263e+00	1.246767438522169869e+00
-1.353111833813734899e-01	-1.572415786207124633e+00	1.323352349756419244e+00
-1.431528813049716409e-01	-1.565611445344036623e+00	1.399534240404932461e+00
-1.509596231556886714e-01	-1.558427418655842889e+00	1.475291089343500062e+00
-1.587295167539052865e-01	-1.550865884732259170e+00	1.550601214810967576e+00
-1.664606810796811498e-01	-1.542929129634781571e+00	1.625443294051933663e+00
-1.741512468065629371e-01	-1.534619545053265810e+00	1.699796383015495849e+00
-1.817993568262019077e-01	-1.525939626363918888e+00	1.773639924306507965e+00
-1.894031667815186393e-01	-1.516891973746729017e+00	1.846952249612172636e+00
-1.969608455829316429e-01	-1.507479292020405426e+00	1.919713835187053519e+00
-2.044705758671989393e-01	-1.497704382249619215e+00	1.991905161258159751e+00
-2.119305545003696001e-01	-1.487570142828803732e+00	2.063506937379656847e+00
-2.193389930526281617e-01	-1.477079567581996100e+00	2.134500266541408564e+00
-2.266941182612398076e-01	-1.466235743775255784e+00	2.204866653594649506e+00
-2.339941724843608850e-01	-1.455041850068336196e+00	2.274588069888068276e+00
-2.412374143402319371e-01	-1.443501153089643330e+00	2.343647249448395087e+00
-2.484221190143999780e-01	-1.431617006132944736e+00	2.412026835179858608e+00
-2.555465785913835775e-01	-1.419392847564942661e+00	2.479710132423633695e+00
-2.626091025451419148e-01	-1.406832198034664971e+00	2.546680908551707034e+00
-2.696080181421880995e-01	-1.393938658148986098e+00	2.612923400103795757e+00
-2.765416708321332684e-01	-1.380715906108128443e+00	2.678422320606728135e+00
-2.834084246361608384e-01	-1.367167695713694231e+00	2.743162450946329045e+00
-2.902066626129694016e-01	-1.353297857774394597e+00	2.807128808394850239e+00
-2.969347870975242998e-01	-1.339110293391496453e+00	2.870307726148666916e+00
-3.035912200588401499e-01	-1.324608972244452509e+00	2.932685577699999158e+00
-3.101744034475448775e-01	-1.309797930999086146e+00	2.994249182695284617e+00
-3.166827995128689288e-01	-1.294681271081969953e+00	3.054985805140972843e+00
-3.231148911056951345e-01	-1.279263156465642259e+00	3.114883150863192895e+00
-3.294691820757391643e-01	-1.263547811241152452e+00	3.173929508205219463e+00
-3.357441978191632037e-01	-1.247539516862991471e+00	3.232113503705818403e+00
-3.419384850917807084e-01	-1.231242610925114001e+00	3.289424152715810123e+00
-3.480506124405721713e-01	-1.214661484634421695e+00	3.345850953043850495e+00
-3.540791704802971895e-01	-1.197800580606315668e+00	3.401383833284967295e+00
-3.600227721392374458e-01	-1.180664390725345569e+00	3.456013147254452633e+00
-3.658800528925355011e-01	-1.163257454035344862e+00	3.509729666379030277e+00
-3.716496710724664920e-01	-1.145584354793425463e+00	3.562524518485588487e+00
-3.773303080954739097e-01	-1.127649720456806781e+00	3.614389303371808637e+00
-3.829206685297447121e-01	-1.109458219494456666e+00	3.665315994186698845e+00
-3.884194803569264165e-01	-1.091014559544781326e+00	3.715296944570241067e+00
-3.938254951539366666e-01	-1.072323485521668118e+00	3.764324882119694848e+00
-3.991374882628609400e-01	-1.053389777771936764e+00	3.812392897697691296e+00
-4.043542589571142987e-01	-1.034218250254047344e+00	3.859494499551033186e+00
-4.094746308627501552e-01	-1.014813747647956399e+00	3.905623770518161564e+00
-4.144974518882960646e-01	-9.951811445527664057e-01	3.950774737621827626e+00
-4.194215942905972216e-01	-9.753253441252650591e-01	3.994941921904910487e+00
-4.242459548912864142e-01	-9.552512761008739028e-01	4.038120163884514113e+00
-4.289694552005441919e-01	-9.349638952280351356e-01	4.080304611026576822e+00
-4.335910415316508448e-01	-9.144681797666335266e-01	4.121490704645566439e+00
-4.381096851258798330e-01	-8.937691298711575305e-01	4.161674326595459661e+00
-4.425243823791634723e-01	-8.728717650062437494e-01	4.200851650470156073e+00
-4.468341547716185302e-01	-8.517811241337182038e-01	4.239018881092761148e+00
-4.510380489876417709e-01	-8.305022641080604950e-01	4.276172597529011910e+00
-4.551351370141898389e-01	-8.090402582727873604e-01	4.312309619627740176e+00
-4.591245162139711011e-01	-7.874001952922041747e-01	4.347426993877832047e+00
-4.630053093914118234e-01	-7.655871780549947658e-01	4.381521978811292684e+00
-4.667766649097385701e-01	-7.436063219567103921e-01	4.414592433715654352e+00
-4.704377568444859103e-01	-7.214627527408609131e-01	4.446636056780050694e+00
-4.739877848388132087e-01	-6.991616079013716067e-01	4.477650692152735701e+00
-4.774259742300322462e-01	-6.767080348463989647e-01	4.507634456276946366e+00
-4.807515760998597454e-01	-6.541071899800602329e-01	4.536585630268632485e+00
-4.839638673147342862e-01	-6.313642379134963845e-01	4.564502646241578532e+00
-4.870621505616062885e-01	-6.084843507446565658e-01	4.591384097631589611e+00
-4.900457544114429353e-01	-5.854727061375624153e-01	4.617229162115961572e+00
-4.929140333423319698e-01	-5.623344869156948755e-01	4.642036526008837427e+00
-4.956663677316232586e-01	-5.390748818054650338e-01	4.665805202052013101e+00
-4.983021638983360369e-01	-5.156990841164506012e-01	4.688534325431419347e+00
-5.008208541235398270e-01	-4.922122912385081817e-01	4.710223125945589118e+00
-5.032218966680431782e-01	-4.686197041991299050e-01	4.730870915897838813e+00
-5.055047757885560156e-01	-4.449265271977658198e-01	4.750477201899769852e+00
-5.076690017694079904e-01	-4.211379655664956867e-01	4.769041813328698254e+00
-5.097141109173786155e-01	-3.972592270165762329e-01	4.786564135103702711e+00
-5.116396655702913909e-01	-3.732955215250896019e-01	4.803043827616363615e+00
-5.134452541112023427e-01	-3.492520606391009141e-01	4.818480600506177325e+00
-5.151304909769979234e-01	-3.251340572530021511e-01	4.832874203274542424e+00
-5.166950166662886978e-01	-3.009467254326158026e-01	4.846224415966673860e+00
-5.181384977357350596e-01	-2.766952800021698078e-01	4.858531260490394743e+00
-5.194606267532791977e-01	-2.523849350843407890e-01	4.869794730763388202e+00
-5.206611223774235686e-01	-2.280209058931219057e-01	4.880014620259913727e+00
-5.217397293417906923e-01	-2.036084081508694188e-01	4.889190865135120134e+00
-5.226962184529062583e-01	-1.791526578710103401e-01	4.897323411644094904e+00
-5.235303865942765311e-01	-1.546588713227878276e-01	4.904412210091763313e+00
-5.242420567310556168e-01	-1.301322650256944713e-01	4.910457209089329922e+00
-5.248310778756276607e-01	-1.055780552372809766e-01	4.915458636690082983e+00
-5.252973250492087853e-01	-8.100145740082521917e-02	4.919416421673304285e+00
-5.256406993915856418e-01	-5.640768758862317600e-02	4.922330517343219469e+00
-5.258611281189222719e-01	-3.180196191246618953e-02	4.924200917685285006e+00
-5.259585645259912123e-01	-7.189496530385336426e-03	4.925027609780273430e+00
-5.259329879911850414e-01	1.742449231312987595e-02	4.924810571577071805e+00
-5.257844039823728055e-01	4.203478823991796398e-02	4.923549789991199077e+00
-5.255128439572434029e-01	6.663617535837432215e-02	4.921245447698638031e+00
-5.251183654153489533e-01	9.122343792990753042e-02	4.917897424235150083e+00
-5.246010519793763427e-01	1.157913598577729047e-01	4.913505706992438604e+00
-5.239610133486808374e-01	1.403347249923423412e-01	4.908070284529514993e+00
-5.231983853042044830e-01	1.648483171246088452e-01	4.901591144800903521e+00
-5.223133297146603793e-01	1.893269199872986419e-01	4.894068276879096402e+00
-5.213060345330736700e-01	2.137653173005942264e-01	4.885501715185853300e+00
-5.201767136569481753e-01	2.381582932666365948e-01	4.875891551720371808e+00
-5.189256070869634474e-01	2.625006321367929774e-01	4.865237770646388071e+00
-5.175529809267063186e-01	2.867871183042378647e-01	4.853540429474065832e+00
-5.160591273552185276e-01	3.110125365065860015e-01	4.840799609405308956e+00
-5.144443646305003615e-01	3.351716719567853775e-01	4.827015420411157720e+00
-5.127090370937460451e-01	3.592593105005117970e-01	4.812188006764984038e+00
-5.108535151271156316e-01	3.832702388286262085e-01	4.796317571212341591e+00
-5.088781950022470690e-01	4.071992447818555405e-01	4.779404353065814348e+00
-5.067834991411371837e-01	4.310411174601936901e-01	4.761448634960714799e+00
-5.045698760307888442e-01	4.547906475608188837e-01	4.742450769894105633e+00
-5.022378002062117819e-01	4.784426277165008679e-01	4.722411180920403240e+00
-4.997877722482920171e-01	5.019918528664835122e-01	4.701330369542745302e+00
-4.972203187816128245e-01	5.254331206704697665e-01	4.679208924565330108e+00
-4.945359924718450984e-01	5.487612319675936323e-01	4.656047525150654565e+00
-4.917353717603988872e-01	5.719709910179320289e-01	4.631846868554248431e+00
-4.888190609555400079e-01	5.950572061538412783e-01	4.606607894990190744e+00
-4.857876904536682083e-01	6.180146906150280062e-01	4.580331621544416976e+00
-4.826419165699386005e-01	6.408382630438803629e-01	4.553019197506841920e+00
-4.793824215155124691e-01	6.635227481857516318e-01	4.524671917925616071e+00
-4.760099133727109244e-01	6.860629776463157414e-01	4.495291235252352635e+00
-4.725251260679796395e-01	7.084537907082352204e-01	4.464878771427379434e+00
-4.689288193059084620e-01	7.306900350313132453e-01	4.433436170932623099e+00
-4.652217782873866447e-01	7.527665663799905094e-01	4.400965256936387959e+00
-4.614048140024016864e-01	7.746782512181855651e-01	4.367468297618643192e+00
-4.574787631129546006e-01	7.964199673949025060e-01	4.332947639958945274e+00
-4.534444878614680707e-01	8.179866050366741970e-01	4.297405852543192850e+00
-4.493028760125906684e-01	8.393730676879158636e-01	4.260845738760110635e+00
-4.450548407905735582e-01	8.605742735181354242e-01	4.223270350366703951e+00
-4.407013208120513781e-01	8.815851565978832793e-01	4.184682995683317586e+00
-4.362432798883847940e-01	9.024006671332398533e-01	4.145086741840032118e+00
-4.316817068984450390e-01	9.230157724394868479e-01	4.104485582109589359e+00
-4.270176159424419193e-01	9.434254605207008648e-01	4.062883635878108635e+00
-4.222520461233397193e-01	9.636247404767233071e-01	4.020285272831984003e+00
-4.173860614397029156e-01	9.836086440218658744e-01	3.976695175582790398e+00
-4.124207506729191119e-01	1.003372227082901968e+00	3.932118353350290363e+00
-4.073572272672619787e-01	1.022910571466113527e+00	3.886560155907204717e+00
-4.021966291945436311e-01	1.042218786414249809e+00	3.840026056428428092e+00
-3.969401186979560903e-01	1.061292007693486861e+00	3.792521586677025880e+00
-3.915888822768880950e-01	1.080125402339346286e+00	3.744053403169004923e+00
-3.861441305300395421e-01	1.098714170476299046e+00	3.694628186914997059e+00
-3.806070979615511218e-01	1.117053546568193001e+00	3.644253001017887073e+00
-3.749790428059196490e-01	1.135138801358222427e+00	3.592935302843784484e+00
-3.692612468434329220e-01	1.152965243869982448e+00	3.540682956298837780e+00
-3.634550152058578232e-01	1.170528223470167051e+00	3.487504244214619575e+00
-3.575616761663171772e-01	1.187823130749076750e+00	3.433407167487416700e+00
-3.515825809156460924e-01	1.204845397766690640e+00	3.378400848985052107e+00
-3.455191033567497350e-01	1.221590504461819160e+00	3.322494885123546737e+00
-3.393726398598895244e-01	1.238053979072945232e+00	3.265699135963700428e+00
-3.331446090144007943e-01	1.254231400218791759e+00	3.208023904233868961e+00
-3.268364513695343199e-01	1.270118399133155274e+00	3.149479944316908586e+00
-3.204496291636546590e-01	1.285710661944464261e+00	3.090078471162655660e+00
-3.139856260438758095e-01	1.301003931930331481e+00	3.029831008939822823e+00
-3.074459468813419694e-01	1.315994008633048828e+00	2.968748837772523075e+00
-3.008321173800495574e-01	1.330676752747052882e+00	2.906844938892618302e+00
-2.941456837230054244e-01	1.345048089572521866e+00	2.844132236974132866e+00
-2.873882122851553755e-01	1.359104010157807796e+00	2.780624119602066457e+00
-2.805612892944477910e-01	1.372840573625439875e+00	2.716334441846129266e+00
-2.736665204801491669e-01	1.386253909518424754e+00	2.651277530185325304e+00
-2.667055307081905857e-01	1.399340220165472770e+00	2.585468186157640957e+00
-2.596799636381684762e-01	1.412095781891509416e+00	2.518921194233257665e+00
-2.525914816584223788e-01	1.424516946287068375e+00	2.451651857060710427e+00
-2.454417649367213183e-01	1.436600144065525608e+00	2.383676641314877998e+00
-2.382325112993247951e-01	1.448341888434631741e+00	2.315012041833483636e+00
-2.309654357706278915e-01	1.459738776177232467e+00	2.245675008110083581e+00
-2.236422701431782512e-01	1.470787489913126578e+00	2.175682940134606724e+00
-2.162647625340425594e-01	1.481484800340139740e+00	2.105053684232871092e+00
-2.088346769277187320e-01	1.491827568452964714e+00	2.033805495535830232e+00
-2.013537929124927794e-01	1.501812746168407875e+00	1.961956507451986909e+00
-1.938239051803564705e-01	1.511437378621880878e+00	1.889525962830134631e+00
-1.862468228479544075e-01	1.520698607698643068e+00	1.816533270217632889e+00
-1.786243690748447188e-01	1.529593673182645164e+00	1.742998211541362252e+00
-1.709583805636440412e-01	1.538119914677997802e+00	1.668940949618558989e+00
-1.632507070606935284e-01	1.546274773642011491e+00	1.594382103424322850e+00
-1.555032108516207212e-01	1.554055795461720013e+00	1.519342590387623204e+00
-1.477177661934199748e-01	1.561460630869409894e+00	1.443843690520111522e+00
-1.398962587837065119e-01	1.568487037911977966e+00	1.367907056622470918e+00
-1.320405852058019747e-01	1.575132883733848743e+00	1.291554693345005944e+00
-1.241526524165905143e-01	1.581396145825941790e+00	1.214808561860081682e+00
-1.162343774544487979e-01	1.587274911161957291e+00	1.137690967130765785e+00
-1.082876865130424776e-01	1.592767380893530538e+00	1.060224915578942273e+00
-1.003145144438260250e-01	1.597871871059020510e+00	9.824334825386813463e-01
-9.231680419800047943e-02	1.602586813699863555e+00	9.043400129141900834e-01
-8.429650624151127647e-02	1.606910758079266310e+00	8.259679683437752828e-01
-7.625557815449260368e-02	1.610842370045918903e+00	7.473407656372046404e-01
-6.819598385504586913e-02	1.614380434753024840e+00	6.684825528144529017e-01
-6.011969296787218753e-02	1.617523857890691863e+00	5.894174632949216175e-01
-5.202868025246082384e-02	1.620271666225041152e+00	5.101698134992602718e-01
-4.392492498001440704e-02	1.622623008475918560e+00	4.307640500082925428e-01
-3.581041050998173825e-02	1.624577154546544389e+00	3.512242458601804174e-01
-2.768712361353858203e-02	1.626133496556890323e+00	2.715752740494963291e-01
-1.955705367050367474e-02	1.627291550716211121e+00	1.918418724850425860e-01
-1.142219213406021547e-02	1.628050957027552981e+00	1.120488502946273002e-01
-3.284531892136511189e-03	1.628411479654290117e+00	3.222108183842919971e-02
4.853933237067051265e-03	1.628373006597960027e+00	-4.761683947401706973e-02
1.299120897235630026e-02	1.627935549108424640e+00	-1.274399949688813649e-01
2.112530157127775685e-02	1.627099243309137577e+00	-2.072234842065654448e-01
2.925421832184222151e-02	1.625864349501224826e+00	-2.869424780839153755e-01
3.737596817716706821e-02	1.624231251982193314e+00	-3.665721880613546091e-01
4.548856232901040547e-02	1.622200458640074672e+00	-4.460880036559728978e-01
5.359001452969588269e-02	1.619772599882731257e+00	-5.254653751685509633e-01
6.167834213957133771e-02	1.616948429102945450e+00	-6.046797506609209449e-01
6.975156665134950307e-02	1.613728821867208341e+00	-6.837067622847143866e-01
7.780771428879977580e-02	1.610114775173750568e+00	-7.625221867606342130e-01
8.584481660343346032e-02	1.606107406683482841e+00	-8.411019631106455563e-01
9.386091061740170494e-02	1.601707953869953016e+00	-9.194222112964780536e-01
1.018540399735451407e-01	1.596917773042900945e+00	-9.974592570863478613e-01
1.098222555498474945e-01	1.591738338293372967e+00	-1.075189644934994249e+00
1.177636159633190238e-01	1.586171240347188149e+00	-1.152590158909106322e+00
1.256761881845203377e-01	1.580218185319873792e+00	-1.229637841713724811e+00
1.335580481521044527e-01	1.573880993376506332e+00	-1.306310013719098606e+00
1.414072811470526436e-01	1.567161597606473000e+00	-1.382584055046777394e+00
1.492219813258861549e-01	1.560062043888090555e+00	-1.458437737942858803e+00
1.570002539316125711e-01	1.552584487203831687e+00	-1.533849385602479742e+00
1.647402154195963531e-01	1.544731190550255429e+00	-1.608797525541035611e+00
1.724399938966243717e-01	1.536504523348833917e+00	-1.683261044393134398e+00
1.800977296808711492e-01	1.527906959605742632e+00	-1.757219206089416730e+00
1.877115758585804484e-01	1.518941075980808408e+00	-1.830651670033603295e+00
1.952796984138681358e-01	1.509609551643140257e+00	-1.903537470277228749e+00
2.028002762339972675e-01	1.499915168573295432e+00	-1.975857128546181229e+00
2.102715029379148004e-01	1.489860803678901835e+00	-2.047591562758270811e+00
2.176915868354087347e-01	1.479449429090469614e+00	-2.118721912665023410e+00
2.250587513964673603e-01	1.468684110090492823e+00	-2.189229763777689186e+00
2.323712357411034657e-01	1.457568002846443056e+00	-2.259097163059209379e+00
2.396272951230547232e-01	1.446104352065684440e+00	-2.328306545371447100e+00
2.468252007801136072e-01	1.434296493429491726e+00	-2.396839070533701488e+00
2.539632405341239463e-01	1.422147850096368016e+00	-2.464678851663620662e+00
2.610397199301389137e-01	1.409661924904673791e+00	-2.531809628632572640e+00
2.680529622588686545e-01	1.396842301097266148e+00	-2.598215555524916454e+00
2.750013089716209502e-01	1.383692639881223485e+00	-2.663881280693317422e+00
2.818831200867750741e-01	1.370216677927653448e+00	-2.728791958746342061e+00
2.886967745677431196e-01	1.356418225089758733e+00	-2.792932770771358264e+00
2.954406701420651538e-01	1.342301169703298269e+00	-2.856288009148897800e+00
3.021132241846251065e-01	1.327869468934017583e+00	-2.918845143866178660e+00
3.087128741896581485e-01	1.313127144657256107e+00	-2.980590996538126092e+00
3.152380779389814536e-01	1.298078283377895437e+00	-3.041512883441896520e+00
3.216873138310628044e-01	1.282727033739532230e+00	-3.101598622970527686e+00
3.280590811999810064e-01	1.267077603996401125e+00	-3.160836543089658335e+00
3.343519005813522238e-01	1.251134260628171679e+00	-3.219214410081235656e+00
3.405643137031350021e-01	1.234901334201733869e+00	-3.276720336528569533e+00
3.466948841720967622e-01	1.218383205796719659e+00	-3.333344681271000809e+00
3.527421976646574198e-01	1.201584306738909591e+00	-3.389077364179456708e+00
3.587048621344940402e-01	1.184509117558072866e+00	-3.443908775410818635e+00
3.645815080565179556e-01	1.167162165630916792e+00	-3.497829778081722907e+00
3.703707886598806565e-01	1.149548022810671144e+00	-3.550831710941110941e+00
3.760713801434893422e-01	1.131671305645176817e+00	-3.602904765978450996e+00
3.816819818720963986e-01	1.113536678959790693e+00	-3.654040885431982133e+00
3.872013166039726118e-01	1.095148842424247704e+00	-3.704232942649355209e+00
3.926281306690423412e-01	1.076512532512322595e+00	-3.753473694945341776e+00
3.979611941450357793e-01	1.057632520856366609e+00	-3.801756314908629975e+00
4.031993010236955000e-01	1.038513612176548584e+00	-3.849074388533722413e+00
4.083412693659572712e-01	1.019160642219413049e+00	-3.895421886013423318e+00
4.133859415841758533e-01	9.995784797742524042e-01	-3.940791348689344886e+00
4.183321846173822522e-01	9.797720258719719855e-01	-3.985178023733567443e+00
4.231788898092561091e-01	9.597462045591812485e-01	-4.028576900360519630e+00
4.279249731526990619e-01	9.395059648080623660e-01	-4.070983157230102734e+00
4.325693754012462922e-01	9.190562788372522718e-01	-4.112392311887901997e+00
4.371110621691237652e-01	8.984021404324511462e-01	-4.152800215051854593e+00
4.415490240262133770e-01	8.775485633570867527e-01	-4.192202857894415047e+00
4.458822769721829116e-01	8.565005843208783887e-01	-4.230595386833215343e+00
4.501098622441945252e-01	8.352632583488881490e-01	-4.267975125310158546e+00
4.542308461960125610e-01	8.138416551300579060e-01	-4.304338908574550260e+00
4.582443205234707495e-01	7.922408595421195354e-01	-4.339683826695363678e+00
4.621494023220637515e-01	7.704659703739288323e-01	-4.374007221113572541e+00
4.659452341353902960e-01	7.485220990905512295e-01	-4.407306676081532260e+00
4.696309840436955763e-01	7.264143688981625768e-01	-4.439579716683681454e+00
4.732058462775679542e-01	7.041479166400271827e-01	-4.470823829711264352e+00
4.766690405820414034e-01	6.817278882620929625e-01	-4.501037484240669073e+00
4.800198122944414614e-01	6.591594380938101683e-01	-4.530218969826137254e+00
4.832574324904308494e-01	6.364477285753482594e-01	-4.558366749322715350e+00
4.863811980039019489e-01	6.135979294170552656e-01	-4.585479448647504341e+00
4.893904314393162647e-01	5.906152168101251876e-01	-4.611555846540284165e+00
4.922844813263429486e-01	5.675047728891804422e-01	-4.636594720058326402e+00
4.950627226786347146e-01	5.442717857976397955e-01	-4.660595046739160807e+00
4.977245561068986968e-01	5.209214478773158685e-01	-4.683556027850499959e+00
5.002694080941070265e-01	4.974589554763760857e-01	-4.705476897782062906e+00
5.026967310551960777e-01	4.738895085299058563e-01	-4.726356984806670880e+00
5.050060033339047738e-01	4.502183101174789259e-01	-4.746195700360971159e+00
5.071967291938537237e-01	4.264505660742969884e-01	-4.764992528464375710e+00
5.092684391002278987e-01	4.025914841233079189e-01	-4.782747296545608151e+00
5.112206899863361853e-01	3.786462730776854468e-01	-4.799459575075985640e+00
5.130530644484925240e-01	3.546201440125823501e-01	-4.815129019487926598e+00
5.147651710874476816e-01	3.305183094195272564e-01	-4.829755369341881988e+00
5.163566445104555980e-01	3.063459830139079743e-01	-4.843338393492075511e+00
5.178271453177279993e-01	2.821083796137898725e-01	-4.855877880005436964e+00
5.191763600856389438e-01	2.578107150653906610e-01	-4.867373679745284676e+00
5.204040017914963734e-01	2.334582039764770689e-01	-4.877826385795771102e+00
5.215098096266115313e-01	2.090560605588268894e-01	-4.887235513001641607e+00
5.224935485840198623e-01	1.846095006351369250e-01	-4.895600969859501106e+00
5.233550096967896081e-01	1.601237404019136279e-01	-4.902922677645065619e+00
5.240940100260484957e-01	1.356039964823288202e-01	-4.909200542811930745e+00
5.247103926466083479e-01	1.110554860214915535e-01	-4.914434448504884756e+00
5.252040266508702926e-01	8.648342663024967403e-02	-4.918624542574548286e+00
5.255748075740817038e-01	6.189303239813447044e-02	-4.921771565233974854e+00
5.258226569487309821e-01	3.728951809168497278e-02	-4.923874927702740933e+00
5.259475222431254648e-01	1.267809977047675007e-02	-4.924934583025723178e+00
5.259493769733024626e-01	-1.193600620222264735e-02	-4.924950455512988157e+00
5.258282206945965598e-01	-3.654758300045084229e-02	-4.923922434591958108e+00
5.255840789920518397e-01	-6.115141314586738930e-02	-4.921850368659981712e+00
5.252170035066964227e-01	-8.574227892077050661e-02	-4.918734603158441132e+00
5.247270721621980494e-01	-1.103149661989601821e-01	-4.914575531741050440e+00
5.241143888783600380e-01	-1.348642594846135023e-01	-4.909372796237221337e+00
5.233790836279539338e-01	-1.593849428152807612e-01	-4.903126400189350420e+00
5.225213124690462063e-01	-1.838718002345123559e-01	-4.895836342250689199e+00
5.215412575487238245e-01	-2.083196157645695323e-01	-4.887502620149064114e+00
5.204391270268403646e-01	-2.327231736473496237e-01	-4.878125325503546605e+00
5.192151550835549800e-01	-2.570772582942850160e-01	-4.867704417644404202e+00
5.178696020031443581e-01	-2.813766539708443259e-01	-4.856239892849401940e+00
5.164027541253261022e-01	-3.056161449286179388e-01	-4.843731745856075577e+00
5.148149238414509998e-01	-3.297905153793054267e-01	-4.830179965833281130e+00
5.131064496012370801e-01	-3.538945500112036235e-01	-4.815584975331972828e+00
5.112776959677519661e-01	-3.779230369342623241e-01	-4.799947189680096926e+00
5.093290535408206976e-01	-4.018707640582909191e-01	-4.783266559596285106e+00
5.072609389726977502e-01	-4.257325201016290972e-01	-4.765543330329677474e+00
5.050737949736224808e-01	-4.495030951089608595e-01	-4.746777787944211013e+00
5.027680903107420995e-01	-4.731772806653009589e-01	-4.726970293399347156e+00
5.003443197022386935e-01	-4.967498714237007507e-01	-4.706121694988212312e+00
4.978030038364303356e-01	-5.202156650988620790e-01	-4.684232332064425464e+00
4.951446894548863775e-01	-5.435694616822079883e-01	-4.661302818187607500e+00
4.923699492894307861e-01	-5.668060644827394023e-01	-4.637333858700856126e+00
4.894793820501835424e-01	-5.899202805501492231e-01	-4.612326246106874805e+00
4.864736123884711438e-01	-6.129069214986835323e-01	-4.586281149818319136e+00
4.833532907708284476e-01	-6.357608057172317029e-01	-4.559199789524427615e+00
4.801190936066269122e-01	-6.584767566723939147e-01	-4.531083249547975811e+00
4.767717231870511330e-01	-6.810496041392104516e-01	-4.501932893595380847e+00
4.733119076489019639e-01	-7.034741850605393809e-01	-4.471750227679876843e+00
4.697404009467828212e-01	-7.257453442824006729e-01	-4.440536941586401554e+00
4.660579826650041446e-01	-7.478579364778111804e-01	-4.408295241021448874e+00
4.622654580381910794e-01	-7.698068265805612098e-01	-4.375027024335906844e+00
4.583636580223786616e-01	-7.915868898774676143e-01	-4.340734556106099262e+00
4.543534391775517767e-01	-8.131930134943496924e-01	-4.305420306368489491e+00
4.502356836170497978e-01	-8.346200974215836066e-01	-4.269086954829731440e+00
4.460112989047991805e-01	-8.558630558237076968e-01	-4.231737571221287908e+00
4.416812178055597449e-01	-8.769168190919937045e-01	-4.193375399658975766e+00
4.372463984835120443e-01	-8.977763337585389358e-01	-4.154003808836364442e+00
4.327078243508917788e-01	-9.184365641357019605e-01	-4.113626503706484527e+00
4.280665039706532116e-01	-9.388924937255642700e-01	-4.072247460488426896e+00
4.233234709688683539e-01	-9.591391266061231047e-01	-4.029870955029025481e+00
4.184797836885330025e-01	-9.791714893567372568e-01	-3.986501688741896032e+00
4.135365252443679029e-01	-9.989846322576508841e-01	-3.942144461494763164e+00
4.084948035596933646e-01	-1.018573630567108257e+00	-3.896804471059283514e+00
4.033557511437049770e-01	-1.037933586339659930e+00	-3.850487243952329663e+00
3.981205249714124261e-01	-1.057059630090749325e+00	-3.803198645041561576e+00
3.927903063585989063e-01	-1.075946922514094517e+00	-3.754944888101590550e+00
3.873663006710318379e-01	-1.094590656288853658e+00	-3.705732570662007674e+00
3.818497367382329699e-01	-1.112986058006407486e+00	-3.655568644596314698e+00
3.762418674657392326e-01	-1.131128389872810835e+00	-3.604460432258861147e+00
3.705439694068639600e-01	-1.149012951702453433e+00	-3.552415657500318957e+00
3.647573425489090138e-01	-1.166635082913927368e+00	-3.499442447200635797e+00
3.588833101283461779e-01	-1.183990164570884129e+00	-3.445549341910123076e+00
3.529232184288960683e-01	-1.201073621439660011e+00	-3.390745225891919290e+00
3.468784361315784825e-01	-1.217880922540181432e+00	-3.335039067752518349e+00
3.407503544442007093e-01	-1.234407584530146318e+00	-3.278440861503213455e+00
3.345403870272378732e-01	-1.250649174446576861e+00	-3.220960800298826143e+00
3.282499695984759658e-01	-1.266601311388948492e+00	-3.162609527114796037e+00
3.218805596823850479e-01	-1.282259668791398077e+00	-3.103398144330412833e+00
3.154336363510823471e-01	-1.297619976742476977e+00	-3.043338223247928909e+00
3.089106998093162915e-01	-1.312678023210312572e+00	-2.982441128642449257e+00
3.023132708283214343e-01	-1.327429654210388055e+00	-2.920719284249685188e+00
2.956428910122947951e-01	-1.341870780531978724e+00	-2.858185720399660568e+00
2.889011222752981278e-01	-1.355997378464824710e+00	-2.794853753866163970e+00
2.820895465012180359e-01	-1.369805492055608420e+00	-2.730737184176859955e+00
2.752097652117016513e-01	-1.383291235539043429e+00	-2.665850300975534992e+00
2.682633992130838418e-01	-1.396450795615093776e+00	-2.600207577944843251e+00
2.612520879656171080e-01	-1.409280429200701290e+00	-2.533823189704207834e+00
2.541774894678485164e-01	-1.421776470158696348e+00	-2.466713319549853622e+00
2.470412799224581679e-01	-1.433935332508582405e+00	-2.398893979367130669e+00
2.398451532638328498e-01	-1.445753511486798315e+00	-2.330381659414001660e+00
2.325908207524057247e-01	-1.457227585947925119e+00	-2.261193332487550833e+00
2.252800105582580537e-01	-1.468354220786689313e+00	-2.191346458089356020e+00
2.179144672874597233e-01	-1.479130166831116977e+00	-2.120857577321544341e+00
2.104959514835348378e-01	-1.489552259980839732e+00	-2.049745122779768280e+00
2.030262393159132095e-01	-1.499617431211403007e+00	-1.978027948546696280e+00
1.955071220576226620e-01	-1.509322705630381956e+00	-1.905725081602668070e+00
1.879404056068455786e-01	-1.518665204548897973e+00	-1.832855993736188793e+00
1.803279100001034529e-01	-1.527642147705104092e+00	-1.759440601719802544e+00
1.726714689206790276e-01	-1.536250855058894915e+00	-1.685498704336964693e+00
1.649729292907064215e-01	-1.544488742177418050e+00	-1.611049702117497873e+00
1.572341506494924768e-01	-1.552353329327367693e+00	-1.536115314852963820e+00
1.494570046234451610e-01	-1.559842243621540669e+00	-1.460716798956241291e+00
1.416433744116962767e-01	-1.566953219352049675e+00	-1.384875788257204476e+00
1.337951542378212622e-01	-1.573684099865793495e+00	-1.308614289692059174e+00
1.259142487907879970e-01	-1.580032839418364921e+00	-1.231954673394284328e+00
1.180025728173533656e-01	-1.585997501541394294e+00	-1.154917918808564536e+00
1.100620506661715292e-01	-1.591576258189326909e+00	-1.077527330600219102e+00
1.020946153250241600e-01	-1.596767399460101489e+00	-9.998061699208165010e-01
9.410220800470048275e-02	-1.601569331388693840e+00	-9.217777591397862125e-01
8.608677754625523870e-02	-1.605980577261393316e+00	-8.434656959231006113e-01
7.805027981461486186e-02	-1.609999778969505746e+00	-7.648938443642236962e-01
6.999467713263331226e-02	-1.613625697730920461e+00	-6.860856841321947286e-01
6.192193819998043081e-02	-1.616857208972717563e+00	-6.070644365082671357e-01
5.383403684855442295e-02	-1.619693310688251842e+00	-5.278550816929055145e-01
4.573295147269235139e-02	-1.622133123729246895e+00	-4.484820461669869474e-01
3.762066450322207323e-02	-1.624175891426176577e+00	-3.689699146506200123e-01
2.949916177088261759e-02	-1.625820980346528888e+00	-2.893434170651971726e-01
2.137043186182703558e-02	-1.627067880987913107e+00	-2.096273946422115841e-01
1.323646589233071214e-02	-1.627916205438899810e+00	-1.298454700155389219e-01
5.099256988812313207e-03	-1.628365686966510184e+00	-5.002300768808254361e-02
-3.039201117345700920e-03	-1.628416185632259872e+00	2.981501124349961174e-02
-1.117691436066693689e-02	-1.628067685908698436e+00	1.096436832874587708e-01
-1.931188898638823426e-02	-1.627320296773088648e+00	1.894380905836214879e-01
-2.744213220353920735e-02	-1.626174251738350174e+00	2.691733172571275645e-01
-3.556565273271592581e-02	-1.624629908392938082e+00	3.488248496233836704e-01
-4.368046061727554052e-02	-1.622687745119374636e+00	4.283683182142112855e-01
-5.178456894284869799e-02	-1.620348364755350046e+00	5.077787593110087982e-01
-5.987599429536147322e-02	-1.617612493495601544e+00	5.870316384962279699e-01
-6.795275726749043510e-02	-1.614480979870416499e+00	6.661025372681024237e-01
-7.601288310012493943e-02	-1.610954794120218470e+00	7.449671714850865101e-01
-8.405440232652951205e-02	-1.607035027477977884e+00	8.236014192387983712e-01
-9.207535078447631749e-02	-1.602722890722825477e+00	9.019815783060494141e-01
-1.000737702904657550e-01	-1.598019713302760714e+00	9.800838096456345738e-01
-1.080477100777338523e-01	-1.592926943128470496e+00	1.057884596389158105e+00
-1.159952269679461745e-01	-1.587446145002227915e+00	1.135360669299302572e+00
-1.239143859818249427e-01	-1.581578999392082574e+00	1.212489013912318114e+00
-1.318032609495698726e-01	-1.575327301110954981e+00	1.289246889593300693e+00
-1.396599349633600162e-01	-1.568692958145227356e+00	1.365611647193190947e+00
-1.474825001106710720e-01	-1.561677991504371921e+00	1.441560968152316491e+00
-1.552690592659352609e-01	-1.554284531778479916e+00	1.517073100079187498e+00
-1.630177263780885066e-01	-1.546514817935746189e+00	1.592126492943066296e+00
-1.707266269230302835e-01	-1.538371195768102107e+00	1.666699951314399186e+00
-1.783938984638699932e-01	-1.529856116073727845e+00	1.740772652483201455e+00
-1.860176912066207888e-01	-1.520972132754200956e+00	1.814324096203222325e+00
-1.935961678990850143e-01	-1.511721903642455400e+00	1.887333256151350724e+00
-2.011275046000418343e-01	-1.502108187468128131e+00	1.959780846467992887e+00
-2.086098917748265835e-01	-1.492133839308579013e+00	2.031647514377709740e+00
-2.160415344462692233e-01	-1.481801810013566811e+00	2.102914312037228228e+00
-2.234206526922166425e-01	-1.471115144028479094e+00	2.173562735022301240e+00
-2.307454821369396836e-01	-1.460076977138914600e+00	2.243574738066968166e+00
-2.380142742840399284e-01	-1.448690535322924244e+00	2.312931879967322857e+00
-2.452252963794027130e-01	-1.436959137135167541e+00	2.381616546598252171e+00
-2.523768327976419479e-01	-1.424886184106055831e+00	2.449612299203067778e+00
-2.594671852118106692e-01	-1.412475160485824999e+00	2.516902724414308068e+00
-2.664946729569899198e-01	-1.399729631353177517e+00	2.583471891863041492e+00
-2.734576334487287541e-01	-1.386653240170873325e+00	2.649304366382807530e+00
-2.803544225892181108e-01	-1.373249706331468367e+00	2.714385020695544881e+00
-2.871834147402278492e-01	-1.359522828223482138e+00	2.778697684536609813e+00
-2.939430033534831122e-01	-1.345476477489721434e+00	2.842229071907468096e+00
-3.006316015908400141e-01	-1.331114593248618583e+00	2.904965453916815932e+00
-3.072476424931734895e-01	-1.316441182073133431e+00	2.966893580134069452e+00
-3.137895793232057251e-01	-1.301460315513746746e+00	3.028000699706353771e+00
-3.202558858983114431e-01	-1.286176127581936779e+00	3.088274569271902692e+00
-3.266450568367071372e-01	-1.270592814123255421e+00	3.147702181226009088e+00
-3.329556076467153902e-01	-1.254714635849930149e+00	3.206271846399317837e+00
-3.391860753973321430e-01	-1.238545906445888356e+00	3.263972980665585055e+00
-3.453350188743386506e-01	-1.222090993333492914e+00	3.320794976079696426e+00
-3.514010188311252336e-01	-1.205354315763795148e+00	3.376727700385231401e+00
-3.573826782468536578e-01	-1.188340342430819430e+00	3.431761500350148708e+00
-3.632786225726491458e-01	-1.171053589200541589e+00	3.485886901370349733e+00
-3.690874999179431515e-01	-1.153498622915914762e+00	3.539093510106454232e+00
-3.748079813120786530e-01	-1.135680054454750065e+00	3.591373719094690387e+00
-3.804387609352016808e-01	-1.117602534236607159e+00	3.642719399552788673e+00
-3.859785563018935939e-01	-1.099270752237640814e+00	3.693122851009547958e+00
-3.914261084510851640e-01	-1.080689435849215174e+00	3.742576800918527624e+00
-3.967801821248640448e-01	-1.061863347741958119e+00	3.791074403580410035e+00
-4.020395659874531069e-01	-1.042797285726972500e+00	3.838608032748993537e+00
-4.072030728871019467e-01	-1.023496084721179367e+00	3.885171468478915813e+00
-4.122695398051879345e-01	-1.003964606993722697e+00	3.930759139303802385e+00
-4.172378280719078458e-01	-9.842077432087467104e-01	3.975365494529114585e+00
