angle	angular_velocity	angular_acceleration
5.260996242556604807e-01	6.213490478277102769e-01	-3.981104117224834482e+00
4.901355840498828331e-01	4.649026021676455622e-01	-4.778767613267987713e+00
4.804047775752804395e-01	7.858457399903535645e-01	-3.989214836140294818e+00
4.774044794657109625e-01	6.347691640676880187e-01	-5.240608478893419964e+00
5.860341019587924638e-01	3.389590423985588963e-01	-5.659190048935419881e+00
5.168008067092351165e-01	3.564664987690334130e-01	-5.603510876208931180e+00
4.811835559201261825e-01	3.006759157452419950e-01	-3.623532363468996653e+00
4.503559474769415760e-01	4.720851635721989292e-01	-5.242806379419326923e+00
5.548886627712633635e-01	-8.876909450378389632e-03	-5.001376319659880387e+00
4.797208073841692233e-01	4.118699297239010182e-01	-5.372850641766698132e+00
5.359086655456019033e-01	3.228692953046495839e-01	-4.944368258686663076e+00
5.690252146592388316e-01	-3.454745241648385368e-02	-4.990713456647004165e+00
4.960017239165816494e-01	3.177952112114939553e-01	-4.688429041913144246e+00
5.934074182257074170e-01	3.072804231419909993e-01	-4.803993432269670905e+00
5.419748707591052206e-01	1.974809126290426875e-01	-5.059809915651453771e+00
5.668895606652595287e-01	3.866633014950873748e-02	-4.650490794227319036e+00
5.127545395454961019e-01	1.147656812121232023e-01	-4.852261198302126211e+00
4.984030834138941102e-01	2.420942562897124006e-01	-4.510738363516555438e+00
5.302157899756417825e-01	-2.314560842980312727e-01	-4.570443868554459499e+00
4.484390985566219512e-01	-4.592470830352377714e-02	-4.585980300667550580e+00
4.510696368332385298e-01	-2.357215219322442157e-01	-4.431355306243341730e+00
5.466481956403806963e-01	-4.892708902352287115e-02	-4.445133318837045877e+00
4.244516298871306437e-01	-1.663586967529739058e-01	-5.496055357757956727e+00
5.408498099681769977e-01	1.483975120089031097e-01	-4.403619418075920500e+00
5.661797711963455493e-01	6.031657451487285049e-02	-4.756669577755594958e+00
6.392000230348113821e-01	-1.422172333496358743e-01	-4.562547580151735005e+00
4.419909814189239561e-01	-1.125948349116158154e-01	-4.912921757362235908e+00
6.041554668769404390e-01	5.405038714574206260e-02	-4.759324978192119637e+00
5.337904842284747486e-01	-2.546479824722330809e-01	-5.772836213255057913e+00
5.619223548951046698e-01	-4.323402917650703836e-02	-4.922489928144523574e+00
5.328866287776827804e-01	-1.832448977815760438e-01	-4.347284092190961680e+00
4.809521639886708000e-01	-3.671200095675986597e-01	-4.340897722386836577e+00
4.659165926642154232e-01	-2.438195895765954135e-01	-4.722674242917984877e+00
5.373445501358484755e-01	-3.431418982264468620e-01	-5.130518571667929351e+00
4.673218520150839161e-01	-5.522558252267758538e-01	-4.632653867806326708e+00
5.558127952278284489e-01	-2.384085296489623640e-01	-4.225833555644030071e+00
5.433945956099830443e-01	-4.365297283579098742e-01	-4.555880935368980644e+00
5.460894889182660306e-01	-4.425532879076158332e-01	-4.241217599421436724e+00
4.830478839863802665e-01	-4.828522494883390470e-01	-3.662878721684723615e+00
5.245776194909160806e-01	-3.026456197403503134e-01	-5.775253395698310754e+00
5.208374937822169981e-01	-4.160160005893818735e-01	-4.724415189946808979e+00
4.503521576536605453e-01	-6.175708022173532763e-01	-4.422544424281370290e+00
5.271052895944665639e-01	-2.948543201787530710e-01	-4.678489688437990957e+00
5.343531625561634968e-01	-5.075502225602572803e-01	-4.854125092642391337e+00
6.133492825013795446e-01	-5.751908739265045867e-01	-5.127282887264763112e+00
5.460866330518968637e-01	-5.773435218932753132e-01	-5.239758031783679826e+00
4.475223473592517820e-01	-8.534486769470187584e-01	-5.196012850086258794e+00
5.161291655665997125e-01	-9.002690469971355025e-01	-4.944854281195034673e+00
4.379894964246605626e-01	-6.495643437632435679e-01	-4.889597021273853983e+00
4.587596949152360493e-01	-7.638033592209443334e-01	-4.033765227166123069e+00
4.066797661749373405e-01	-6.688100956256560758e-01	-4.735119806800303088e+00
4.439785020008488181e-01	-6.617962281210808539e-01	-3.656811837987429925e+00
4.171017297790637901e-01	-7.773535781242583154e-01	-5.207767807348201217e+00
3.965226283407047303e-01	-9.586370465851231648e-01	-4.286364839321987752e+00
5.339942845710928809e-01	-8.912718948239550798e-01	-4.397303353883312838e+00
4.786180347077291786e-01	-8.070992443839305475e-01	-4.299143396713334120e+00
4.562739542392888481e-01	-9.602449600676357111e-01	-4.009355619439315177e+00
3.436093425673433788e-01	-9.313608055320178325e-01	-3.773309685281602821e+00
4.310174583419849603e-01	-8.039222526759138843e-01	-3.953238762015900853e+00
4.012183582970436091e-01	-6.921490236267651142e-01	-4.306128950402724698e+00
3.896443665615471064e-01	-1.134116882845947138e+00	-4.130292942857397342e+00
4.348488602802474401e-01	-1.099565384222507936e+00	-4.020943072546762309e+00
4.126313843714731755e-01	-1.094079459183963099e+00	-4.194480121375483428e+00
4.204645533843459626e-01	-8.690633470112724135e-01	-4.091440807722625195e+00
4.196564562262684039e-01	-1.159692206605849929e+00	-4.123089035474945874e+00
3.458683500302173752e-01	-1.070373517211935743e+00	-3.254853234378225935e+00
4.040411623150956255e-01	-1.407820078631022875e+00	-3.469996941250440337e+00
3.918859764690080238e-01	-9.696307314547056855e-01	-4.176941017610359630e+00
3.512505536824387375e-01	-1.156751853100315364e+00	-3.759847064424469920e+00
4.014010728966238561e-01	-1.323348944076264244e+00	-3.361901088888931355e+00
4.002139185608795668e-01	-1.238551497536542811e+00	-2.964052482809852229e+00
3.257855551476551703e-01	-1.115597145743623786e+00	-3.606774976515880748e+00
4.002550867044640248e-01	-1.089542559276340139e+00	-3.387778049664403657e+00
3.463065646793565544e-01	-1.114057011525673602e+00	-3.273480324667869201e+00
3.630190686996965788e-01	-1.315620021849339016e+00	-2.805226246917636335e+00
3.156757597683840233e-01	-1.224089411930863625e+00	-3.039595767038559160e+00
3.060606492713418003e-01	-1.183265524329008445e+00	-3.655832575196000356e+00
3.521983097356387038e-01	-1.003303151934220150e+00	-3.119819434107686362e+00
2.911277891797175998e-01	-1.280834815277319461e+00	-2.808637141359886957e+00
3.076482801279902257e-01	-1.385825760636393067e+00	-2.763702057459201722e+00
2.424178995955854621e-01	-1.081581198071728700e+00	-1.997074029550218732e+00
3.527499394768913166e-01	-1.189631348580249215e+00	-1.740474370029582163e+00
3.511724557963221138e-01	-1.410626315768610306e+00	-2.400135592240173477e+00
2.681442582053417123e-01	-9.151880723520410266e-01	-2.359329949912496449e+00
4.093817650065041946e-01	-1.396398974958064754e+00	-2.122369304011444413e+00
3.665792840914747219e-01	-1.290680171738231241e+00	-2.015103003787109603e+00
2.259943555620377853e-01	-1.327024930662585422e+00	-2.119600692529727048e+00
2.855045763423925687e-01	-1.294894664855798405e+00	-2.177288712824837269e+00
2.951767798472715865e-01	-1.261225330381629428e+00	-1.210073740373469375e+00
3.035122364614355472e-01	-1.109268438656790146e+00	-1.849700262052341726e+00
2.583045880041082154e-01	-1.320680996975755361e+00	-2.537048570368405365e+00
2.131570820670867505e-01	-1.509767563837676629e+00	-1.990277730455902283e+00
3.512224804127415112e-01	-1.180788659133844565e+00	-2.310143494099267336e+00
2.294949004436267481e-01	-1.377261699853103760e+00	-2.271819229114842464e+00
2.197238059022487700e-01	-1.545447437395175427e+00	-1.015010972368909137e+00
2.141149810199897696e-01	-1.444583210520878458e+00	-1.559991430006422153e+00
2.134585905617884527e-01	-1.287206867174347513e+00	-2.173785067211088773e+00
1.383848131121950265e-01	-1.483720651487566711e+00	-2.942124805739857685e+00
2.055929182302762837e-01	-1.591705337893097871e+00	-2.240805050350276773e+00
2.271845216873648321e-01	-1.426671276817071510e+00	-1.657863743380296295e+00
2.403515492725062930e-01	-1.313646961076373909e+00	-1.300915363201867514e+00
1.588725182633927979e-01	-1.438849476329047139e+00	-1.118598020698259532e+00
1.914275854495119944e-01	-1.570991063597046988e+00	-9.117931219522555919e-01
2.096241965880216718e-01	-1.662659307780529172e+00	-6.149664861094440438e-01
7.489979807918287213e-02	-1.474873324838549493e+00	-1.240641094809227907e+00
6.043800262112827837e-02	-1.580097333990784003e+00	-9.731885627815232143e-01
1.814591969086014056e-01	-1.410617134465952383e+00	-1.050456937571998539e+00
1.430000533444012178e-01	-1.441806550585947866e+00	-1.232612189063430952e+00
1.770022431368955540e-01	-1.495733975732271182e+00	-1.244370443195786713e+00
8.377895232433903161e-02	-1.499254710835661530e+00	-6.092507515841592003e-01
1.227420297598416504e-01	-1.343102942189603466e+00	-1.454921428619808221e+00
8.907336914597552280e-02	-1.530398753029158510e+00	-7.991577036239025933e-01
1.184485551395103309e-01	-1.367631413152131437e+00	-4.327428040607956827e-01
7.427352594679394182e-02	-1.483391396431875675e+00	-7.915224839593160144e-01
8.916449908087584197e-02	-1.527195892409933142e+00	-2.633070962154872019e-01
-3.551566045708587360e-02	-1.301014572172976003e+00	-4.561775397045205738e-01
9.091590259227069759e-02	-1.677374745140470580e+00	8.077768867669834485e-01
7.862810200636469182e-02	-1.667777861132411443e+00	-5.988037365678217094e-02
6.179683662670314159e-02	-1.738869457020021381e+00	-1.642449850554487667e-01
2.368590310684792408e-02	-1.552678160179471689e+00	1.046115227773693201e-01
8.270714462747652540e-02	-1.522491638343171472e+00	3.960216656074395103e-01
1.339947499329455782e-01	-1.583307180277950588e+00	-3.298637378917174123e-02
6.221318948932237636e-02	-1.554020441054660084e+00	1.093527627731796681e+00
2.707469283864897755e-02	-1.446658655373553648e+00	8.901119139998228125e-01
-2.878898133130754558e-02	-1.300606299137675004e+00	-4.542221478330042972e-01
-2.164595504472352841e-02	-1.442908616925635767e+00	-6.419666457757544631e-01
-9.123465270010673589e-02	-1.733893965964953487e+00	1.025042479162774911e-01
-9.676722443953299224e-02	-1.414992802423217899e+00	9.513258398423219964e-01
-3.495218721362314956e-02	-1.280174743106929469e+00	7.549597073992502239e-01
-3.911821448003290069e-02	-1.738488808499742522e+00	1.109725914223965493e+00
6.490222797941280763e-02	-1.314135255778406508e+00	9.955380812793588330e-01
-3.658193841403428737e-02	-1.269444026536727721e+00	1.401784737410751269e+00
-7.725868911900990454e-02	-1.195572687631093700e+00	6.090765858650741826e-01
-4.892322272502316882e-02	-1.339064048314388078e+00	1.283470849397920777e+00
3.584190064190161118e-03	-1.549998779721793563e+00	3.681572883082592229e-01
-1.101098914726502259e-01	-1.695456574654296888e+00	8.679521883061813714e-01
-3.864102965221018204e-02	-1.446619601483888795e+00	7.426625542658553680e-01
-4.638819406514810284e-02	-1.640034596531218414e+00	1.769843076901643997e+00
-1.100791677829757453e-01	-1.258181943379068857e+00	1.218556118683703060e+00
-1.146041687475072707e-01	-1.704235510734451342e+00	7.034048919977128334e-01
-1.329973993693518985e-01	-1.804423893812275415e+00	1.613892319181803758e+00
-8.084402434819205896e-02	-1.331400865691410917e+00	1.072978329000960684e+00
-1.087158737058957214e-01	-1.292357149542182837e+00	1.864097480667704421e+00
-6.890840538065426402e-02	-1.262199591858585768e+00	1.389403521207692727e+00
-1.177432391012988300e-01	-1.523703223300566512e+00	1.212933466940425697e+00
-1.505762718463872496e-01	-1.423221176611708438e+00	1.094412867638641984e+00
-1.375658885469084602e-01	-1.640732570757075903e+00	2.512421786944329938e+00
-1.299251288843051855e-01	-1.567460328909583644e+00	2.731408997467514865e+00
-2.583384553033414299e-01	-1.206039687115525227e+00	1.429949482236362091e+00
-2.065477437458482779e-01	-1.270645509802285078e+00	1.588279863434820083e+00
-2.236768259226780686e-01	-1.410891740192277144e+00	2.430030733138449417e+00
-4.354790384700796269e-02	-1.357079527265013574e+00	1.230847320561432312e+00
-2.187568655061885026e-01	-1.115821142258075049e+00	2.224778859825753408e+00
-2.320474701434978027e-01	-1.492686338932926793e+00	1.863300175941327241e+00
-1.644426750278364380e-01	-1.152638998259925884e+00	2.305364004653412291e+00
-2.906109337913673762e-01	-1.369770311664241902e+00	2.986197956915628726e+00
-2.051796597050502546e-01	-1.321713807475011881e+00	2.375510219737790862e+00
-1.640787148992274291e-01	-1.380573862579097311e+00	3.024770961788530332e+00
-2.045815831333039070e-01	-1.441695555733784717e+00	2.577463368191742266e+00
-1.780414968579454860e-01	-1.140135022415371235e+00	3.058926995546961347e+00
-1.902345566631895302e-01	-1.618344834738168148e+00	3.195514231752908607e+00
-2.618715766723080929e-01	-1.195779912557664693e+00	3.289327772163369801e+00
-2.614666950098778475e-01	-1.258748933642140688e+00	3.589006873771426687e+00
-3.356570728743424881e-01	-1.196549632099545901e+00	2.210485896347207380e+00
-2.906597197978128544e-01	-1.070319048959491592e+00	2.192118137472015338e+00
-1.929190757773081577e-01	-1.165949958826881350e+00	2.879602377381935252e+00
-3.456637203788923696e-01	-1.098778306768375179e+00	3.320763771500697903e+00
-2.683720262234573495e-01	-1.004441936076879704e+00	2.258942780255066118e+00
-2.888600523740695314e-01	-1.311938122981620047e+00	3.349380818046238328e+00
-2.658901413774804046e-01	-1.191842824408659851e+00	3.533273935678467925e+00
-3.299345120294421840e-01	-1.081988518478467887e+00	2.958408664754712092e+00
-3.325277489779524531e-01	-1.306516019291288799e+00	2.273453613410814533e+00
-2.971409489848022001e-01	-1.167928528719270664e+00	3.533683475291186760e+00
-3.333582981034410309e-01	-1.032825634904290135e+00	3.151970065835898893e+00
-3.273843963139575486e-01	-1.028028857352574210e+00	2.792665869367616516e+00
-2.288084141915549541e-01	-9.224279555218620752e-01	2.864666088425129153e+00
-1.952567404081555491e-01	-1.121030959184201814e+00	4.103829343471929292e+00
-2.358432173913189711e-01	-1.357233534522549911e+00	4.166305176445697533e+00
-2.945228499104617370e-01	-9.317818269157188693e-01	3.097381638383963409e+00
-3.082174053255232749e-01	-1.024092523009638489e+00	3.845430914636077446e+00
-3.275114818460492794e-01	-9.007671261227778725e-01	4.373652724043754603e+00
-3.489328487754141950e-01	-1.038733795377842384e+00	3.834973274099792384e+00
-3.719434895202058944e-01	-7.544621029221015851e-01	3.133891890549746595e+00
-3.454170684900456645e-01	-8.789756245408782975e-01	3.937307512679812049e+00
-3.078786180305923548e-01	-8.652723311924712668e-01	3.974854020565236290e+00
-4.484477426999867733e-01	-7.936199796958008923e-01	3.471514749147704304e+00
-4.016113710851995644e-01	-7.362016141833782612e-01	3.532413128521205703e+00
-4.027498431006914514e-01	-7.299167823540293476e-01	4.150948922449671841e+00
-4.474777409032598130e-01	-4.687785831763642275e-01	3.999030423576724669e+00
-4.401703234020069022e-01	-6.477535453397653686e-01	4.466448991603463092e+00
-4.002600023930588669e-01	-7.926363211366598271e-01	3.542006077280520415e+00
-3.324197201159817538e-01	-6.148147737487280606e-01	3.749153682491611850e+00
-3.608004732076851573e-01	-1.085881334651579211e+00	3.551226356150192665e+00
-3.222469774173608026e-01	-5.506864738690960825e-01	3.675277143054183959e+00
-3.944314600293462036e-01	-2.594458632075196114e-01	3.973352369057771227e+00
-5.035926103647895280e-01	-6.065057393668311647e-01	4.336850231065259464e+00
-3.660618688648600294e-01	-7.942254412404543551e-01	3.783323528722258189e+00
-4.711594407613258761e-01	-6.451451840526096770e-01	3.709020545206412667e+00
-4.021845262823055545e-01	-1.785512508725909386e-01	3.854299261388226316e+00
-4.306418688171541054e-01	-4.790655034541599910e-01	4.912669479717559184e+00
-3.449777264783009390e-01	-4.828906921187628987e-01	4.298296316350280755e+00
-4.003619279721634672e-01	-3.639160996639713153e-01	4.172192468388079334e+00
-3.542429036858423252e-01	-5.937804925608946016e-01	3.392245312084780640e+00
-4.153887539564762865e-01	-4.557032335906817666e-01	4.008760374154576311e+00
-4.005342193903370651e-01	-4.110466146909329543e-01	4.420563576323001342e+00
-4.071934867507291389e-01	-2.626001412751135522e-01	4.985724062664490752e+00
-4.456519374341816886e-01	-4.040475655755772499e-01	3.290217620119481268e+00
-3.513264996804484896e-01	-2.676800975594376131e-01	5.126727377846017397e+00
-3.473466209307953245e-01	-5.636999796757030667e-02	4.439534167274815424e+00
-3.910871982283131154e-01	-5.680856021500457764e-02	4.267331701488367379e+00
-4.719732239810762175e-01	-3.042124282905450672e-02	4.487478130297683165e+00
-4.758715918088240460e-01	-7.800181197543354372e-02	3.594014320884714841e+00
-4.014043747164076081e-01	-4.120951192075726355e-01	4.889990228254233351e+00
-5.020502215718714023e-01	-5.918358016200231386e-02	4.469221120307691919e+00
-4.468409158293098482e-01	3.197410903372457924e-02	3.332706627633164498e+00
-4.713705544028300998e-01	-2.047384098365434002e-01	4.475383208023903769e+00
-4.646898827673541787e-01	-3.653694224042626781e-01	4.615901015496197246e+00
-4.246104309196663262e-01	-6.721753959692074176e-02	3.718843272137754674e+00
-4.516985661676632957e-01	-2.387207390708800392e-01	4.369183504069964030e+00
-4.527999232056916235e-01	5.406763128321417922e-03	3.910324619933089441e+00
-3.966339935346467893e-01	-5.147077325624302424e-02	4.442820766648812203e+00
-5.041236044758132806e-01	-3.513557189775818879e-01	3.827289337317588469e+00
-4.598027560333103336e-01	1.182549004648583979e-01	4.161981118205937413e+00
-4.308010434255098997e-01	1.721303456658503928e-01	3.591737981572598049e+00
-3.919759276174896723e-01	-1.545352354627728408e-01	4.248121866707512240e+00
-5.102804010366844834e-01	2.310354075451671180e-02	3.995172176089633709e+00
-4.330350373245742124e-01	-1.678541846251583869e-01	5.106172350171084062e+00
-3.990312030381067410e-01	-8.659249690176218373e-02	4.746337005033368861e+00
-4.649861201249744225e-01	4.152276592764431173e-04	4.081093446898051091e+00
-4.480883796212919434e-01	2.037331763417785657e-01	4.220004555184451611e+00
-5.004498477882042273e-01	-1.656085903189657149e-01	3.917868512612499465e+00
-3.946424796622872155e-01	-3.736225702464901488e-02	4.279594415428105592e+00
-5.782733130755508544e-01	2.380294565650726279e-01	3.187904803169926637e+00
-3.178830433111109466e-01	2.166737656651297472e-01	4.066188752376158178e+00
-4.052324430623277518e-01	3.870065530960490330e-01	4.595137656266148340e+00
-4.587852484007804987e-01	4.762522778276340740e-01	3.865265122416375210e+00
-4.334085622607938282e-01	2.220684734530489479e-01	3.762699860778873528e+00
-3.921491772650911312e-01	5.000085473015059012e-02	3.670414169185439501e+00
-4.346625114049384453e-01	5.762005556407499007e-01	3.493582564064989349e+00
-4.155704498888885823e-01	3.867538625878739755e-01	3.890614823267489975e+00
-4.305489330065938591e-01	1.656398310937656215e-01	3.917503771327064843e+00
-4.333084515030350969e-01	4.858498795660732283e-01	3.354394147602731913e+00
-4.990113409946899670e-01	4.573808050629249999e-01	3.445041977146690915e+00
-3.662026245454982343e-01	2.301720550470134075e-01	4.307885849914571352e+00
-4.921784533771504377e-01	5.441751012628196493e-01	4.618252942004200889e+00
-4.345109004375451445e-01	3.520169627388983202e-01	4.146060708691692298e+00
-4.547971684877985532e-01	3.696036947396431627e-01	4.089997966601896628e+00
-3.370940369805819348e-01	3.988584024355203983e-01	4.911233807125441331e+00
-4.407613538321379365e-01	5.882225190969478934e-01	4.502182700216977196e+00
-4.826747490676869812e-01	4.627034974701240144e-01	3.851493642853439425e+00
-3.984047346385855559e-01	3.588133704142885128e-01	4.775328087564902901e+00
-4.766830355590687684e-01	6.429033011970659572e-01	3.989137030188306454e+00
-3.810239439007161444e-01	6.879431891047562697e-01	4.372413763404984444e+00
-4.817884407420097714e-01	5.909737288574904435e-01	3.699091401901592135e+00
-3.472147370640298880e-01	6.646608862461679257e-01	3.030745376585073370e+00
-3.940704353586001463e-01	6.082704749486571583e-01	4.149225613600264317e+00
-3.913686530260051533e-01	4.681672773562092216e-01	3.855148022871883740e+00
-4.651128669692451423e-01	7.315695946684391826e-01	3.026069907955921234e+00
-3.714350294588463219e-01	6.435305797491118751e-01	3.785556861431123910e+00
-3.936491837639134461e-01	5.013087845614850879e-01	3.453590493588347687e+00
-4.200702962453626288e-01	4.875902605183731198e-01	3.083546328627770450e+00
-4.286013707469404910e-01	7.879512503959694714e-01	3.410283046133422147e+00
-3.790470121318154084e-01	7.784262526813925387e-01	2.768771702948141566e+00
-4.429172271274528505e-01	7.317664607416312084e-01	3.705823407549605264e+00
-3.671822870746390688e-01	1.047007087915949874e+00	2.753050417214656154e+00
-4.700476620172623354e-01	5.861258013699905955e-01	2.726767394015319201e+00
-2.818219247291604557e-01	7.686442855664229468e-01	2.700565489836857846e+00
-3.758926903564061006e-01	6.239969588000294776e-01	3.786343429382177384e+00
-3.455897504796928144e-01	8.480196773373613883e-01	3.270663217516197374e+00
-4.278180652711925380e-01	9.436516755127125622e-01	3.768597684573669504e+00
-4.069679861427134560e-01	5.902042115842174308e-01	2.944757501646049658e+00
-4.772437791033997678e-01	8.555226865507148393e-01	2.936026461566020096e+00
-3.374414269121585042e-01	1.231280901847473075e+00	2.261568804257194643e+00
-3.404310170212369591e-01	1.017564433032414506e+00	2.445706879634788056e+00
-3.365796684245995762e-01	9.100618696684306119e-01	3.415797132040002015e+00
-3.338104047871072733e-01	1.020372209701821964e+00	2.544476394561233867e+00
-2.824389032913331432e-01	1.120518874868646098e+00	3.176034726070426473e+00
-2.975132033846278334e-01	9.940710483109529427e-01	3.136678053361074969e+00
-2.841813263846080240e-01	1.003278964347798619e+00	2.977467839009155348e+00
-2.936903916094874001e-01	1.026470854048138648e+00	3.212753805632873494e+00
-3.533820624930499865e-01	1.165053725831990405e+00	3.310740534812337099e+00
-3.330518552296824475e-01	8.871825249759603960e-01	3.392418236864390035e+00
-2.183476635446641723e-01	1.074305928829955459e+00	9.836385818060473518e-01
-2.341728665451999203e-01	1.061506408611564201e+00	2.976153249646324550e+00
-2.493695210063583134e-01	1.201389938111001365e+00	2.889480020783719461e+00
-3.756444045560325407e-01	1.270867886584191364e+00	2.555460946913405085e+00
-2.507816792623004387e-01	9.891228486030101408e-01	1.882572998244638196e+00
-2.466408357139122376e-01	1.188955375961953109e+00	2.010429200077973100e+00
-2.211575804572485926e-01	9.110053494911919403e-01	2.216484969375592584e+00
-2.846593954024141948e-01	8.890007857983173167e-01	1.737907868867554884e+00
-2.286000429510677001e-01	1.111152349153029517e+00	1.689156002599871975e+00
-3.316884846908126350e-01	1.230510781137013732e+00	1.960147291078421894e+00
-2.407380235052841155e-01	1.361714613175220467e+00	1.016634008183408877e+00
-1.967811588251816013e-01	1.308718250960513974e+00	1.783980641013407809e+00
-1.590294649097580559e-01	1.002246234115912404e+00	1.593472186669869339e+00
-1.819953175731772732e-01	1.015495545456275961e+00	2.411793246082655884e+00
-1.722109786759840055e-01	1.105803454286743426e+00	1.616492756863741054e+00
-1.552326224452316994e-01	1.075691454718990414e+00	1.163272199953685027e+00
-2.272585716138494916e-01	1.356255568078475804e+00	2.002320468037165568e+00
-8.683913493131624473e-02	1.299361635439581608e+00	1.542900676911154401e+00
-1.452989477596551837e-01	1.039819170119535396e+00	1.198130604325556625e+00
-2.039251811248216084e-01	1.375697513823207929e+00	1.720771189876132867e+00
-2.339782515716983813e-01	1.146275042624825602e+00	1.041375996670331538e+00
-1.742308504540230341e-01	1.273370610988380891e+00	2.214755157185843260e+00
-9.748830794941427957e-02	1.082409834639489921e+00	5.481112035753324951e-01
-9.822233043679054476e-02	9.806127449866592904e-01	9.609676640979309958e-01
-1.417819107726766281e-01	1.278126540215692275e+00	1.038540316678750353e+00
-2.267052188181950534e-01	1.264278930817680502e+00	1.617570419529620773e+00
-1.380600791317827258e-01	1.219502325431518486e+00	-2.852322497235439958e-01
-1.056609421349503503e-01	1.427597626258967356e+00	1.625477212437950181e-01
-1.292108454147284646e-01	1.417634813901074375e+00	1.812607359464200485e+00
-9.828028892230204761e-02	1.246475887180582109e+00	1.255385410770489818e+00
-1.123219461899435528e-01	1.288050763496290108e+00	7.260018622938076982e-01
-1.195797023796229402e-01	1.282170569858301246e+00	3.601461316012538605e-01
-5.664542602674932370e-02	1.202983731530965050e+00	1.313815832345285539e+00
-9.382028233252498461e-02	1.516733046521910877e+00	7.185230853389545924e-01
-7.496365947543340291e-02	1.336990934191885527e+00	1.597120826130014049e+00
-4.262726220506744129e-02	1.509067788313112501e+00	5.446975502771573829e-01
-1.289153042171396479e-01	1.355801650578949857e+00	2.810780813973928760e-02
-1.191620681840008800e-01	1.379254262341537363e+00	5.977089076824571023e-02
-6.923593596055664656e-02	1.066848511453214021e+00	2.086816791383764025e-01
-1.032325770472015958e-01	1.191866266727584112e+00	3.814605170187940208e-01
-6.198477993462317426e-02	1.844319246664675171e+00	7.673043138113686545e-01
1.276190897798705759e-01	1.256427939898119295e+00	1.530075496454019919e-02
-2.771911798984638686e-02	1.346821962043816212e+00	-1.111088858423866510e-01
2.956876825256427727e-02	1.092057055150106537e+00	3.773655770633038697e-01
4.774110377651075154e-03	1.468384170622442753e+00	-2.975678030388407835e-01
-3.542422198697958019e-02	1.350507755810550936e+00	1.091669570153241398e-01
-6.467055507520320240e-03	1.176833631817994386e+00	-6.567375727101133487e-01
2.123278087050013349e-02	1.138115198221176350e+00	3.914893026225100270e-01
3.564199563852277208e-02	1.141957922908216183e+00	1.311273539693242451e+00
-3.889398676428431137e-03	1.099621262899569185e+00	-1.365711695112824309e+00
8.727396441370244284e-02	1.362184512999699892e+00	-3.725008824530359197e-01
2.328548549429645953e-02	1.249715484112179587e+00	-8.266084234509372131e-01
1.833722157831831415e-02	9.912303259630326213e-01	-7.642553382606067647e-01
2.034318369469259938e-02	1.340745493872559146e+00	-1.127063348440571211e+00
6.486205921077831116e-02	1.420801132187071492e+00	-1.559807633371210756e-01
1.124029729723503845e-01	9.706505124160199616e-01	-1.010613150850508069e+00
8.715135151817134107e-02	1.180091119068940708e+00	-1.695200187592893037e+00
1.645075855280688226e-01	1.168602710793571697e+00	-9.032836020009729072e-01
8.732999538155153396e-02	1.606820511887746550e+00	-1.121972698383649991e+00
6.248212095614375655e-02	1.252477023872896611e+00	-1.228396309925768870e+00
1.395548105819510443e-01	1.185122019304231111e+00	-4.447338042847875927e-01
8.282234014566493274e-02	1.070614765102616550e+00	-5.835860943894082276e-01
1.207052113763887879e-01	1.268881714364183511e+00	-1.977467439953317196e+00
1.569395119089741220e-01	1.068813891586435805e+00	-1.328412629396340305e+00
9.423431176400025311e-02	1.337003693679155614e+00	-1.797703853763437776e+00
2.711204169903740080e-02	1.106665536138486061e+00	-1.224087440732950061e+00
1.125797974264030610e-01	1.172744971141525205e+00	-5.832569281714646836e-01
1.365828273543005789e-01	1.098318093900965131e+00	-1.499683342361897820e+00
-1.203177377429154316e-02	1.216155107193235052e+00	-7.115631214735589349e-01
2.080965150040297029e-01	1.331424303893337546e+00	-1.177685930019721772e+00
2.279572873708440028e-01	1.427038763126053267e+00	-4.923860074552504074e-01
1.033025161849286111e-01	1.084992386508021767e+00	-1.342884268716665996e+00
1.556813215161643449e-01	1.304068158396763710e+00	-1.864784320795801698e+00
8.976390324818166178e-02	9.521249401107597654e-01	-1.317724884329116719e+00
9.091583605023637049e-02	1.269514505347898670e+00	-1.755293139146796744e+00
9.386134023948634886e-02	8.452734719539534147e-01	-2.169699536702330178e+00
7.750522904711289185e-02	1.038834306607989033e+00	-1.742802358160013165e+00
1.420597857522122309e-01	9.302796265558359590e-01	-2.256497595934308986e+00
2.869527395308983930e-01	9.798493681730473526e-01	-2.085491172346646049e+00
1.092478945892020187e-01	1.073519003065890542e+00	-1.768777265618225014e+00
1.724785045626875402e-01	1.158550378426530747e+00	-3.728659597243002555e+00
1.563523711504953284e-01	1.271824650414113078e+00	-2.292869825759716207e+00
2.015443950089977898e-01	1.395136345186441140e+00	-1.982628062080340703e+00
2.368658236272490059e-01	9.109077144132950998e-01	-2.319302197131504872e+00
2.560003685872292434e-01	1.102296953167392957e+00	-1.635759674538307618e+00
2.428650592410007691e-01	1.140972162425714531e+00	-2.301041685318728547e+00
2.221365612583424964e-01	1.011406919949120020e+00	-1.810483604737741725e+00
1.798491894496362375e-01	1.181677272254244793e+00	-2.338245708136691192e+00
2.047854488230017034e-01	1.085151796550386738e+00	-1.990079971653320179e+00
2.083317565326379683e-01	1.313752330012048164e+00	-2.015227744673451227e+00
2.412737448063149714e-01	1.000830060485951911e+00	-2.077398386100157257e+00
1.656704640285986130e-01	1.215487350246684750e+00	-2.739964574332140135e+00
1.995527092545129055e-01	9.155932244261355546e-01	-3.156780343192249649e+00
3.355438388706560304e-01	9.872242784134015459e-01	-2.312232319267705449e+00
3.173924451066067465e-01	9.149958021392926577e-01	-3.667099284726814901e+00
2.858309319537358784e-01	7.384346641729108152e-01	-3.247950972093790689e+00
3.041573110040856620e-01	8.982577933213933274e-01	-2.518442035447550076e+00
2.602809435366109647e-01	8.309532614094027325e-01	-3.103197679232197359e+00
3.205401329501458285e-01	8.589588057906160090e-01	-3.114143179629567548e+00
3.115651545345363704e-01	9.677810711714766034e-01	-3.462826219274489414e+00
3.831196649502616736e-01	8.605882404373206285e-01	-3.375933178282122693e+00
2.675396857930281702e-01	6.418536869665468769e-01	-3.423403431332519009e+00
1.959442374543445831e-01	7.172924887211834521e-01	-3.081223216369778584e+00
2.554502648617482108e-01	9.038210537534808742e-01	-2.447957514672598922e+00
2.428870892577689178e-01	8.094925666633486783e-01	-3.353325014293787376e+00
2.321749241491671278e-01	4.531612282193355767e-01	-3.837760539900322065e+00
3.309083822462619007e-01	6.790262607051109622e-01	-3.438232968101410325e+00
2.987940191567407533e-01	5.039016726930237722e-01	-3.008640403631521298e+00
2.284630165728180340e-01	6.478308069105255251e-01	-2.649288868697577737e+00
3.971741392444047558e-01	7.837836451469433197e-01	-2.657744245067567235e+00
3.253160455018084263e-01	4.294178466279892081e-01	-3.752919145277763491e+00
3.360691443639606812e-01	5.789926249195157526e-01	-2.600140390853473260e+00
3.656276908982825091e-01	6.482187181932176356e-01	-3.022562900454537349e+00
3.170173601700483901e-01	7.665079906385768860e-01	-3.594095058964955403e+00
2.892834496888764817e-01	4.845947031547332973e-01	-3.675274017801129389e+00
3.701193125284976682e-01	7.220568754572209702e-01	-3.908791710319722501e+00
3.879507702804381730e-01	3.331982291446198285e-01	-3.537231920281343811e+00
4.047712099581504130e-01	4.314124932592761641e-01	-3.361723293148942915e+00
3.156231478546734359e-01	3.822963478944846338e-01	-2.673390453079010243e+00
3.647789184329713330e-01	4.851858401238778318e-01	-3.360354410560662863e+00
2.714859037407759690e-01	3.584559453830218345e-01	-3.327493062137395707e+00
3.480639464327605070e-01	3.968798070938128197e-01	-3.680582262029386875e+00
3.636023342901683608e-01	1.712147630811181043e-01	-3.491844191782813578e+00
3.722285814478193955e-01	4.364942090824547316e-01	-3.019846222819719372e+00
4.070032664964628455e-01	3.637860234636735579e-01	-3.621832372965962055e+00
5.115332209231739924e-01	6.044630202537656372e-01	-3.599748543830156411e+00
3.318688180722442760e-01	5.491530889089200063e-01	-4.281721915530683376e+00
4.290294379776488642e-01	7.530766959200330124e-02	-3.971201115619932942e+00
4.151417775258757770e-01	2.320351810983828922e-01	-3.746218024440437055e+00
3.303103561682027012e-01	4.582597101148130347e-01	-3.818716042401627320e+00
4.195468335619368938e-01	1.388624904372636748e-01	-3.400329520598115884e+00
3.456030095700964311e-01	3.012676480339896989e-01	-3.101897822705645513e+00
4.282451756105509211e-01	2.131443655253008052e-01	-3.514563614709720785e+00
3.621136842817801460e-01	-1.037157457700129681e-01	-3.898381974205430645e+00
3.798598031970967792e-01	1.701762259514838227e-01	-3.430045900421284433e+00
3.167082981193637958e-01	4.389851729506905609e-01	-3.335233929422484866e+00
3.989442406811466446e-01	4.425406086110547643e-02	-3.866057599392620947e+00
3.786274675577279702e-01	-8.470325432807590538e-02	-3.916758059796261016e+00
4.031269681521281179e-01	3.172205388725637398e-01	-3.472694396203405365e+00
4.703097589479213192e-01	6.554776608914952840e-02	-3.396558777594533396e+00
3.559608584666154596e-01	3.388197031612089072e-01	-3.582523883646133278e+00
3.580466738953628214e-01	1.780185522939523590e-01	-4.469477158072124645e+00
5.121525748339458284e-01	1.605252582394404715e-01	-3.844835303494833934e+00
4.144078263013134533e-01	-5.182172370801747113e-02	-4.469750739723282074e+00
4.088836166908284553e-01	-1.078802673489085706e-01	-3.200945047474782701e+00
3.557964420932822613e-01	-1.624425105162403127e-01	-4.213784934365740753e+00
3.945930628504272786e-01	-3.143061385743889935e-01	-4.554146097842683538e+00
4.641275108960918883e-01	-6.525270563403746948e-03	-4.402982370414656899e+00
3.764186239703640191e-01	1.250356613288434449e-01	-3.825743255839358703e+00
3.529960702471535150e-01	8.499461537834221425e-02	-4.080270393906936022e+00
3.266135079441040978e-01	-2.689433346086396170e-01	-2.575886027889136898e+00
3.312175603422724546e-01	-1.549087073296752382e-01	-4.996798569749858920e+00
4.358837842042471156e-01	-3.139241827722778488e-01	-4.582948255791528425e+00
4.931572102083291997e-01	-1.771097193939744074e-02	-4.369688247870877618e+00
3.726457872131834215e-01	-3.228041462899730041e-01	-2.528509316180032052e+00
4.623825541956798624e-01	-2.326524135838259066e-01	-4.040498840250279500e+00
2.969238919475358229e-01	-2.294465486204552984e-01	-3.888337939614256555e+00
3.451110754344608456e-01	-2.735037230418716492e-01	-3.837194408500909315e+00
4.736120213080766139e-01	-9.498221933950545814e-02	-3.962801889521730292e+00
4.024455384406639968e-01	-4.570711877336441908e-02	-4.448361003875368702e+00
3.106523429609329146e-01	-5.466308599778537669e-01	-4.154491479617779426e+00
3.889681287779958585e-01	-2.431450323186198081e-01	-3.761420926802009568e+00
3.547244204767291964e-01	-4.038056553594605580e-01	-3.242220541317600180e+00
4.414489612951261743e-01	-3.995236809960236446e-01	-2.910479108558467587e+00
3.344297380906505190e-01	-4.293928418631352550e-01	-3.794588473142527452e+00
4.070964568144153639e-01	-5.632211315214240566e-01	-2.869459085851672420e+00
3.724727440063342332e-01	-3.362220253779996115e-01	-3.577338330673176081e+00
3.705165391399965480e-01	-3.694529686135989976e-01	-3.528313788334109358e+00
3.563712329829267778e-01	-3.270482918228045932e-01	-3.878664326424582143e+00
3.801361437133221610e-01	-4.374585239131907888e-01	-3.903492946783905460e+00
3.818500998428250859e-01	-6.224640162220432815e-01	-3.205565787851245130e+00
4.193514302817574757e-01	-4.212219345121865910e-01	-3.350679272305304490e+00
3.726677648385873232e-01	-3.404853068420435891e-01	-3.318871053389959691e+00
2.949711333992247053e-01	-3.925509518188569080e-01	-3.827531019000180557e+00
2.588887936086473607e-01	-4.518824678413064233e-01	-3.757579987916583875e+00
3.713143545967065307e-01	-8.492979202847605880e-01	-3.870526518971820096e+00
4.357908344024157277e-01	-7.665405907772105953e-01	-3.161092146995035268e+00
3.691831966834274725e-01	-4.991741755088076604e-01	-2.628234591330765646e+00
3.942308305720475525e-01	-4.230950410477805068e-01	-3.054739361907270023e+00
4.995175250896188857e-01	-5.885715222059779705e-01	-2.816480578913081345e+00
3.163339420080765740e-01	-8.608595578026909667e-01	-2.623341986147293525e+00
3.523347090354491673e-01	-3.018403115119416835e-01	-2.057886094028603008e+00
3.502004873680990560e-01	-7.548754366446416286e-01	-2.674896756666435227e+00
3.590962253411063565e-01	-7.893067359544058137e-01	-2.645154951218708028e+00
3.052883125754298765e-01	-6.430626596745234735e-01	-2.510820273360510058e+00
3.476633884551348919e-01	-4.140195014796637096e-01	-2.847061036104405307e+00
3.507924603115158968e-01	-8.966704439540940097e-01	-2.573558414210869838e+00
3.682849722196804843e-01	-7.861520909923855882e-01	-2.553398645955609059e+00
3.628225067216183097e-01	-7.197474091075982683e-01	-2.503939832565096779e+00
3.172801968385442484e-01	-8.926251416601951316e-01	-2.648673942509384815e+00
2.458214899839933631e-01	-6.517536294974306532e-01	-2.352452578532814531e+00
3.767879772355441914e-01	-6.513221852408572765e-01	-2.358270803559464390e+00
2.842310083844326041e-01	-7.355354742143402902e-01	-2.764520982341297728e+00
3.646921053583179195e-01	-9.384238384155459967e-01	-2.691731190937913798e+00
2.340358972770352763e-01	-8.380411567906931314e-01	-3.035303431790476125e+00
2.408532933320364500e-01	-1.053328995044613192e+00	-2.245403519714834317e+00
1.796710004559617935e-01	-6.191586904217500908e-01	-2.183484255252521322e+00
1.964163411245650748e-01	-9.414127970559638126e-01	-2.487575337254689156e+00
2.305133214613029335e-01	-7.635997955373921009e-01	-2.469997329621725246e+00
3.346613064636456691e-01	-1.069207429350300442e+00	-3.136818946794048824e+00
3.029827232236806944e-01	-8.802330060111185350e-01	-2.339837718154016866e+00
2.699025142342534878e-01	-9.287768543608921901e-01	-1.867887506547423193e+00
3.062888214586667046e-01	-1.126626614228042111e+00	-2.598725918754804187e+00
2.738460179266061223e-01	-8.543548131407815438e-01	-2.520680046755599868e+00
2.720052708473555958e-01	-7.465648824694685048e-01	-1.971140040336012866e+00
2.183832149495553987e-01	-9.894513464660732449e-01	-1.177302261430890340e+00
3.251416143714493390e-01	-9.963307260198849269e-01	-2.262881923926127747e+00
2.424162804950270589e-01	-5.996085396296624292e-01	-1.630952100631328783e+00
1.757429935922038000e-01	-7.221647766146150893e-01	-2.192377942652249612e+00
2.972956703451439808e-01	-9.114798783973844243e-01	-1.633105368811754721e+00
2.183589763865696198e-01	-1.331061089873025516e+00	-1.534252415104403022e+00
2.561642791971225352e-01	-1.086565942755949310e+00	-1.543828106439641523e+00
2.610514678113599607e-01	-8.092725911979092857e-01	-1.558868294312880209e+00
2.376743639688326803e-01	-1.139524908502041134e+00	-1.558445143105692043e+00
1.629721398454255510e-01	-9.930371887226120409e-01	-1.423023048635846166e+00
2.349801601829815401e-01	-1.076538722421020555e+00	-1.270391819862766614e+00
1.840543540634257402e-01	-9.711505944247659228e-01	-9.317418052016210872e-01
2.224414665627933441e-01	-8.235429688148556693e-01	-2.487057855639635662e+00
2.045889081531836462e-01	-1.036750172464960151e+00	-9.860631382993314542e-01
1.260949286623797294e-01	-1.198504529791259321e+00	-1.899464200854823703e+00
1.896110594741833577e-01	-1.175149800027320834e+00	-9.732254146947739715e-01
1.763134764500299267e-01	-6.904544550227247335e-01	-1.379867839075390457e+00
1.630541837099089286e-01	-1.287471160637482237e+00	-4.611936968318932628e-01
1.739433098591953719e-01	-7.343741761885584918e-01	-1.978392327473556644e+00
1.681720345516723447e-01	-9.160169670382427576e-01	2.263107435489697394e-01
1.224574092380309176e-01	-1.138897889220961801e+00	-9.680253395132014660e-01
9.533005185336372589e-02	-1.112980315548254051e+00	-4.092896246584702968e-01
1.499917617449179896e-01	-1.066448385291751455e+00	-9.875566950806459188e-01
3.851174220715268548e-02	-1.093671216990015127e+00	-1.356243333796179673e+00
1.445211516530728879e-01	-1.142407597917327156e+00	4.036781850307649133e-01
5.771704013615430728e-02	-8.776384529526041200e-01	-6.079053602582243920e-01
8.409174995532067709e-02	-7.928347074684101159e-01	-1.661786161575451004e+00
1.020702842657798953e-01	-1.196265376300365890e+00	-5.989959181942929867e-01
3.614287515768476594e-02	-9.392663733270201210e-01	-6.204434505451225101e-01
1.086175123241148732e-01	-1.120154707056134846e+00	4.457825505260026855e-01
5.067063890444396118e-02	-9.729631964823828305e-01	-1.487006970926520455e-01
1.430362246689377281e-01	-1.051029084747016729e+00	-7.676312304350115800e-01
-4.558799346655581508e-02	-1.122494781373299944e+00	1.173339830194021771e-01
-3.168002743649396546e-02	-1.111506459019832693e+00	-1.164147290562670412e-01
5.166753308934379785e-02	-9.852107745779299375e-01	6.854011323447540827e-01
9.003131931840424595e-02	-8.915224554609149088e-01	-3.189320624966372475e-01
8.534377452008032328e-02	-1.216276982627730208e+00	-2.058064869915779971e-01
8.166889307743260829e-02	-1.083349121862914766e+00	-3.917649261496951585e-01
-6.172357353157770232e-03	-9.982699197309227168e-01	5.453330989005577001e-01
4.907756014871461625e-02	-1.237103265867599111e+00	-2.401205253637900550e-01
8.421905381981696637e-02	-1.208975230143995994e+00	-3.168316590446425551e-01
1.174071826291385456e-01	-9.256398580120431818e-01	9.484615431064141733e-01
-2.447140350371056552e-02	-1.258402837228378646e+00	-4.843900678470485222e-01
-3.650425885875819426e-02	-1.098801852397743195e+00	1.036071961265578045e-01
5.052946255993905761e-02	-8.684751739866565234e-01	2.240821353394283344e-01
-6.169989375899754408e-02	-1.116956763896845173e+00	6.309040359761820538e-01
-7.731374963238563103e-02	-1.012073240926498308e+00	3.526385728114262985e-01
-4.762931524422214097e-02	-1.247911660647914367e+00	8.528775840226483496e-01
-1.196716952594606281e-01	-1.153929072240440501e+00	1.337764270403129618e+00
1.362253675527619681e-02	-1.062259478582888494e+00	-1.677540609498245905e-01
-1.095309540917816307e-02	-7.381518410034422217e-01	1.433165041321921684e+00
-8.647419138394449312e-02	-9.818934714698042132e-01	1.240937599662968349e+00
3.668615609009740625e-02	-9.160703363514745012e-01	8.852198196936553742e-01
-2.365341235298194442e-02	-1.374809026884531882e+00	7.437148051784738811e-01
5.500830738448453383e-03	-9.619945922407509009e-01	1.773684883052329742e+00
-9.783139714680633148e-02	-1.007688609437768612e+00	7.244484442029532900e-01
-1.705654050073464600e-01	-1.363786237594644124e+00	1.218838558833398977e+00
3.708968311979833621e-02	-8.604272970964864653e-01	7.454241566076424963e-01
-7.074257331088111556e-02	-1.108037063321707372e+00	1.315266024776835518e+00
-1.158175436236009992e-02	-1.120034182108124110e+00	1.196610821977406314e+00
-1.094512610263595614e-01	-1.053012517349541710e+00	1.113929715393762843e+00
-6.501895463238857586e-02	-1.099882459755170627e+00	2.112100861904095961e+00
-1.076401116635915395e-01	-1.223236858715429642e+00	1.137883448330001324e+00
-5.021088455652758520e-03	-8.836219483182959911e-01	9.155700007632476822e-01
-1.261692213848903954e-01	-1.222126191565187980e+00	3.622154015674674543e-01
-7.450102958722110147e-02	-7.973791823497702325e-01	1.193162344019084609e+00
-6.958318352723515121e-02	-8.776732724992688528e-01	1.092473285822881390e+00
-1.285778147169475416e-01	-7.171200906453869539e-01	3.035550461306682379e+00
-1.377665394709517155e-01	-1.113811031009455110e+00	1.673131976293183332e+00
-8.184609690668190329e-02	-7.565354657855035692e-01	1.905823067363376921e+00
-1.512493861232178383e-01	-6.981183242340099904e-01	1.804448762335685963e+00
-1.064130666699392436e-01	-9.794156055432071684e-01	1.205892651125650472e+00
-1.871387437346536120e-01	-9.362016504228758418e-01	1.538399681455320467e+00
-1.377366519626654628e-01	-8.139537754626988697e-01	1.894130013142083957e+00
-2.455227390544048871e-01	-1.097909967940698062e+00	1.835763145046389155e+00
-1.630762873398259316e-01	-7.342861888574965246e-01	2.259844394270757562e+00
-1.188664561044300710e-01	-9.385220604688048196e-01	1.001149197675432312e+00
-1.809578723213288998e-01	-1.331343515936034727e+00	1.883808728338211891e+00
-8.137346220328148250e-02	-1.009299562083805668e+00	2.135359910019077212e+00
-2.650064119900841786e-01	-1.183133375388604192e+00	2.122457397550004732e+00
-1.957448315427930685e-01	-9.320016738482798102e-01	1.967946250619313497e+00
-1.689186470549755847e-01	-7.411406214407987303e-01	1.892726463132861081e+00
-2.465199243184947597e-01	-1.173944021332567811e+00	2.094463265563827115e+00
-2.220291631067518867e-01	-8.013959410656329441e-01	2.068490944280734656e+00
-2.244907264844966943e-01	-9.612674099609637146e-01	1.851527813393748723e+00
-2.296874021134544530e-01	-7.497810338630189753e-01	2.039968202428763533e+00
-2.221431385405032710e-01	-6.466017911464276846e-01	2.546487467369244584e+00
-2.435946692857899332e-01	-5.270465770269923134e-01	2.370794932489871609e+00
-2.619874003446178157e-01	-8.219451087841451731e-01	1.840733772245061850e+00
-3.358180711890964565e-01	-6.396023980137029996e-01	1.664950903736676313e+00
-2.484329923330410306e-01	-6.170005049479021508e-01	2.497976862380607344e+00
-2.186563955633950285e-01	-7.171504605016449929e-01	2.094111520218338462e+00
-2.361934026913772855e-02	-6.588860643904234093e-01	2.886794855020561990e+00
-2.360946831132408885e-01	-9.609567499451698858e-01	2.661705880359308996e+00
-1.979835559159270342e-01	-5.606382703441622484e-01	3.269570085230586898e+00
-2.692073323941830965e-01	-9.028797752739405880e-01	2.275286877550953157e+00
-1.475361099689017075e-01	-8.436369735724307262e-01	2.002961080316444153e+00
-2.859685263800373356e-01	-7.677529293419719236e-01	1.891259186830000383e+00
-2.384058664641745817e-01	-7.080365090202598299e-01	1.629876865565929256e+00
-2.093861571252415843e-01	-5.925999533583278245e-01	3.010017601919750430e+00
-1.810035849854667311e-01	-4.794973381830238690e-01	2.785825384746172695e+00
-2.092814196124614945e-01	-6.677823379899564538e-01	2.242505276210848830e+00
-3.251438513893673554e-01	-4.947751646189115782e-01	2.729155620850210795e+00
-2.045947441536414835e-01	-5.100730694263655440e-01	2.518664057341720053e+00
-1.792035327257147093e-01	-5.054793560188990398e-01	3.725879565211292821e+00
-3.173263263516230559e-01	-5.590800880597411870e-01	3.284780149645007530e+00
-2.905179051394412015e-01	-4.879272804515856765e-01	2.948385837541279475e+00
-3.802377195134193366e-01	-6.208433732395844951e-01	1.948946633836119879e+00
-2.769730976588565263e-01	-6.546347857783747504e-01	2.133852442650943093e+00
-2.713554077769748663e-01	-4.667316388847682074e-01	2.562575274252298474e+00
-3.382988379590008421e-01	-7.082385492758964673e-01	3.022972982634703154e+00
-2.107273454719721384e-01	-1.709339096664903024e-01	3.478239222411082743e+00
-2.888124501894198670e-01	-8.690699315845911155e-01	3.271858309364068518e+00
-3.955321603157350152e-01	-4.863411744758711075e-01	3.981648805524379053e+00
-3.677883234527651868e-01	-6.695827908392730787e-01	1.856526087762307320e+00
-3.047896013280929628e-01	-5.246416705990257778e-01	4.030990682887138021e+00
-2.474861644872640709e-01	-6.279873751467308640e-01	3.366681464176814575e+00
-2.410817925819709884e-01	-1.041408830228800486e-01	2.972082295194433232e+00
-3.265888826854273508e-01	-1.376113898252466772e-01	3.041115201838179516e+00
-4.388706719483452812e-01	-4.268266443573463520e-01	3.787764024266037310e+00
-2.865131154874351327e-01	-2.733186743756795267e-01	3.668744915152352792e+00
-2.797240166256002580e-01	-1.964246121140884593e-01	3.598522279837227167e+00
-4.212167333016574311e-01	-3.510783930749874493e-01	3.292883823787033926e+00
-3.872153134619578663e-01	-3.257240066884238283e-01	2.918182119651507200e+00
-3.617195437736583918e-01	-2.668992909675193537e-01	3.843866039752364294e+00
-3.015013127174129837e-01	-2.088048865758586337e-01	3.138818639616652639e+00
-3.026858840539174422e-01	-2.101014614809886549e-01	1.992389324155009467e+00
-3.876033431558632558e-01	-1.694217277002096622e-01	2.851178732553771855e+00
-2.266215502151949224e-01	-3.090581433967100611e-01	2.743925531640305948e+00
-2.602338898005066015e-01	-3.207141435634572324e-01	3.566856746792085087e+00
-3.081114861146684314e-01	-2.392042734457834885e-01	3.457456805533644317e+00
-4.209304413905520237e-01	-6.639196940474723085e-02	2.417690915228430271e+00
-2.591021223511648652e-01	-3.152678252516756263e-01	2.523609916174993639e+00
-3.643200250589358480e-01	-4.973205324743312783e-02	2.571212220765933143e+00
-3.089518369048064872e-01	-1.679601903208600422e-01	3.537907999646047408e+00
-3.896734347126752929e-01	-3.420782289212859206e-01	3.035376682909468826e+00
-3.160200722125429684e-01	-4.234600110392481853e-01	3.086735845725786742e+00
-3.551677172063054111e-01	2.350557319869308603e-01	3.332192560863244335e+00
-2.913399304921023836e-01	-7.056177002306304735e-02	3.564262509661431544e+00
-3.352588737263049734e-01	1.195431020646816195e-01	3.386098701647826559e+00
-3.075781646636484012e-01	-2.829386067429803253e-01	4.529293576755797801e+00
-2.865677658072960377e-01	-2.617140614898827433e-01	2.988053184896579673e+00
-3.064882492655980339e-01	-1.928700978849467451e-01	3.089073801344441872e+00
-2.869906037649147534e-01	3.729011532346856311e-02	3.934594452122155861e+00
-4.169129823655631784e-01	1.347702100031486772e-01	2.969625844009577520e+00
-3.629532628028653840e-01	2.215935848452951773e-01	3.615563550804324677e+00
-4.229409491463312354e-01	-3.777570575216369908e-02	2.915046782742337417e+00
-3.803135047868010932e-01	-2.929739873581527210e-03	3.141508093679892699e+00
-3.698048137655607914e-01	-1.077361870526330617e-01	3.434653765410370152e+00
-2.784275493813480051e-01	2.818115066276973835e-01	3.198299270638266023e+00
-2.594150456264096571e-01	-5.203634772884227488e-02	3.651070702598144813e+00
-3.502690986543877116e-01	1.225617725003212699e-02	3.258242822423220275e+00
-4.268612087584430226e-01	2.817807782280473683e-02	3.743913778368941347e+00
-3.176036736501534619e-01	1.741601322309677680e-01	4.450604580670329824e+00
-3.620851629473517685e-01	8.332852821464989401e-02	3.081544350594706660e+00
-2.634284197590236465e-01	3.478984476572926088e-01	3.352078763604200873e+00
-2.310155737169288792e-01	2.507460246487665523e-01	1.963086609775032132e+00
-3.787667845790925192e-01	4.934389361390064677e-01	2.617597404383396498e+00
-3.743668970587137879e-01	1.641669379770060999e-03	3.013378694614734510e+00
-3.432144281142196496e-01	8.521326301209058984e-02	4.036016841673244038e+00
-3.100199424092667244e-01	2.451112174835257673e-01	3.627858452299018488e+00
-3.179647261366546629e-01	1.449660216182793449e-01	3.354895499937445180e+00
-2.766320493864331542e-01	4.079867891251101608e-01	2.879433274892528871e+00
-2.839914074849043124e-01	5.996974957492604563e-01	3.417958621955699883e+00
-3.063302512852876802e-01	6.158539077510036819e-01	2.848845812295202951e+00
-3.249724299314557530e-01	2.837178875815228318e-01	3.082429226883338647e+00
-2.087373034438095021e-01	3.612168039439918599e-01	2.996641886482357187e+00
-3.202742767767076670e-01	2.720883782358041181e-02	2.307792775381327210e+00
-2.358536299534376435e-01	4.492328675620477219e-01	2.466355826797563822e+00
-3.504140152963839405e-01	6.699733119426332095e-01	2.569785311075220235e+00
-2.241304745404980592e-01	1.879697232042862043e-01	2.588866247364553175e+00
-2.265116158715472783e-01	5.749628021456885119e-01	3.159167867532284735e+00
-3.554007543909453726e-01	5.999693339129832381e-01	2.045525189555949641e+00
-2.788921825031678292e-01	4.081969436527613238e-01	2.251673809174046248e+00
-2.386261211061754262e-01	2.429677910919459949e-01	3.217750171637688616e+00
-3.541429117022271700e-01	6.738285625859233852e-01	2.884385478800553404e+00
-2.677393989331299240e-01	6.243059669710283588e-01	3.109149745914575824e+00
-2.768289422828946189e-01	8.175597505429990086e-01	2.683235029400078187e+00
-2.596147019023121172e-01	4.044655495594255412e-01	4.050161887337771383e+00
-2.339511369555811460e-01	5.896268958691724960e-01	2.872859745063971459e+00
-3.498048425196511046e-01	6.069322936714277583e-01	2.516722330496261595e+00
-2.394377338441706082e-01	8.234151247409473573e-01	2.123554881924296200e+00
-1.881634442261696238e-01	1.042070486863688528e+00	1.676112164135313165e+00
-2.981523353366002937e-01	6.347864035707662111e-01	2.734900364373271220e+00
-2.766329861412563096e-01	5.439026300527183277e-01	2.173639368098840841e+00
-3.255399418934571965e-01	8.063957002609852820e-01	2.048718333531899916e+00
-1.592544874930738319e-01	7.311111147513601471e-01	1.870176974376364543e+00
-2.628470494598875162e-01	5.129978034272024701e-01	2.680803528636522604e+00
-3.094171457460390129e-01	5.971023475178190987e-01	2.153796934671488028e+00
-1.386231538332174940e-01	8.910521216582184545e-01	2.095083929604101058e+00
-2.787361664956870544e-01	6.630491752453613330e-01	2.547349873324850744e+00
-3.286296639366647065e-01	7.241768970093321878e-01	1.306247922585065835e+00
-3.152019229771130249e-01	5.477719107636560558e-01	1.807310128862417375e+00
-2.131088954487683207e-01	8.051979979833189249e-01	1.950771246667384329e+00
-3.684888326043454509e-01	4.900039487681467909e-01	1.479862529497714796e+00
-2.673475746921167850e-01	1.017304281129332022e+00	1.553718012548800598e+00
-2.360082818818445283e-01	7.562521930050861707e-01	2.013086083184865149e+00
-2.565454801485777536e-01	9.152177192967443364e-01	2.006839953953414746e+00
-1.650283523105077199e-01	8.689473666183997747e-01	1.679228064249911334e+00
-1.926704776677889974e-01	9.266104608065882653e-01	1.192637157338920506e+00
-1.666759248945821892e-01	7.836345661989965183e-01	1.589072705447165834e+00
-2.019025645977180483e-01	8.408271030699234760e-01	2.523843576192409177e+00
-2.656164452986460867e-01	7.950001111385334163e-01	1.673657274386596727e+00
-2.268299067719091455e-01	6.575469223815970654e-01	1.904633510232786042e+00
-8.988613221746122317e-02	6.570277973748774869e-01	2.367201814775335755e+00
-1.046418807573054610e-01	9.531494827208488729e-01	1.649729834376143733e+00
-2.599236563775317310e-01	9.045148584507914924e-01	9.062349942853744622e-01
-1.903916024977762300e-01	8.132231477403715214e-01	2.461855569068474914e+00
-2.489509617545963005e-01	9.552351766260815946e-01	8.148400628530605427e-01
-1.931570097064884417e-01	8.332686126944442995e-01	1.943130065764233194e+00
-2.001400742195221516e-01	7.328233669855024335e-01	1.924379336793959894e+00
-1.860043659985305409e-01	8.563803972645100959e-01	1.554437163402778488e+00
-6.285803600140159320e-02	9.174276785766066755e-01	2.076030023047130690e+00
-9.818836073163605960e-02	8.415058245102843282e-01	1.376915517112544451e+00
-2.279923754447415463e-01	9.028435957192686434e-01	1.914027788723811518e+00
-8.734994605639276322e-02	1.011270072166946310e+00	7.623346540514644998e-01
-1.221064492167221321e-01	9.755604586919232046e-01	1.274961952400965215e+00
-1.162322487404795490e-01	6.887208957153871935e-01	1.272412560271873883e+00
-1.998626024126062273e-01	7.742688675466505854e-01	5.075121335031378411e-01
-5.500553847810382702e-02	9.638038948184335375e-01	1.520935962820787468e+00
-4.538807102315332853e-02	8.129154746049183089e-01	1.159427538152608461e+00
-1.072380543271847092e-01	8.424677149008791277e-01	2.639747591620398293e-01
-1.036006270187154188e-01	8.331660799332066825e-01	1.160334302999023848e+00
-1.433881071787112271e-01	7.245016474282800489e-01	1.152373506995783448e+00
-1.125469535295293699e-01	9.085123967497611419e-01	8.431284290091649591e-01
-9.398665124131640181e-02	8.079854675878215264e-01	9.980942787895998869e-01
-9.885235059537232638e-02	9.170879758291512474e-01	3.119810328027797230e-01
-1.125285939713040889e-01	1.246594265908279819e+00	8.961247262471193631e-01
-7.713353497729097397e-02	1.044523780472888630e+00	4.099834910442473057e-01
2.413521146347188950e-02	9.275712941345396478e-01	1.276960615206110372e+00
-1.507608392332467351e-01	1.079870064774392402e+00	6.319242839883195684e-01
-2.192745607756935861e-02	8.246745943986555361e-01	2.718206677071949295e-02
-1.308465506226284825e-02	1.096673517354029181e+00	7.759418908615707267e-01
-1.118652786661383236e-01	8.783190388431686424e-01	8.710388665321762147e-01
-1.053678286981568069e-01	8.670948785699259531e-01	1.921512587782412962e-01
-5.725235578600527953e-02	8.830163886050339528e-01	3.766001779288118412e-01
-1.566174584530886926e-02	1.003998839020459943e+00	-2.451549598213026426e-01
-1.216157544103036864e-01	1.016764879958240497e+00	7.893643477720958535e-01
-9.449763952462705840e-02	9.395082165652354211e-01	-2.080821021724471587e-01
-8.559112618238565173e-03	1.000891162970899195e+00	-2.021315816182959857e+00
-2.108421501833621439e-02	1.071269661438323917e+00	7.012269382156272046e-02
-5.641895370628586398e-02	1.094156626078205408e+00	5.565328798330100302e-01
-8.404853538250113554e-02	9.291329223470032872e-01	1.382683555946268017e-01
7.249760947009402379e-04	9.334545548004703486e-01	7.310889181315263219e-01
3.210978657375587741e-03	7.210238492062644999e-01	-2.138582299342790538e-01
-3.005062958843091742e-02	8.765964305682615310e-01	3.081871165873889540e-02
-7.244101512897171968e-02	7.929179726345677581e-01	-9.152226798061866564e-01
5.252551134694967427e-02	1.185042891887879257e+00	7.819072787811007785e-01
7.035503256173176664e-03	1.277785059162418024e+00	-1.068370635653225764e-01
-5.085438314677351301e-02	7.813199544110051020e-01	-2.535286185036936812e-01
-3.196311476453362471e-02	8.830961965782463396e-01	-2.873858595936109039e-01
4.549897842835896877e-02	1.223708957877267967e+00	7.628287254020913455e-01
5.652344407593518083e-03	8.403695041088971029e-01	-7.051723684200115194e-01
8.289947576306722077e-02	9.553595906238686597e-01	-9.232726516883811296e-01
4.780224393719615522e-02	9.625723906731018520e-01	-1.308764386544261304e+00
-3.911676896263856923e-02	1.058864888989347275e+00	4.828589916315499941e-01
3.269999455420972284e-02	9.867886105584497969e-01	-1.162143003089350035e+00
9.798311927274105937e-02	8.673229283772141418e-01	-7.680073334712375077e-01
8.093287129592857676e-02	8.643055849527789825e-01	-1.268690890295185447e+00
1.000203423802109026e-01	6.700769607442763620e-01	-7.741027430477364080e-01
5.312574396779895514e-02	9.207406489302625285e-01	-2.677770782889273837e-01
2.656795205158232753e-02	1.045083837978876273e+00	-1.786149991127507164e+00
5.914232379886724678e-02	8.222226061255560881e-01	-1.411872487104524510e+00
4.242718183637129992e-02	7.113075120213132596e-01	-3.611344668308955619e-01
-2.573124033987560233e-02	9.268420014651220784e-01	-9.978764144607152886e-01
9.913331328600773207e-02	8.635003443629246656e-01	-1.672092845823380358e+00
8.759298848189833731e-02	1.049176246263069157e+00	-1.111616209129408617e+00
1.437379439251267876e-01	8.511485415943705890e-01	-6.404623459671711094e-01
1.202755712481902300e-01	6.101697471999416589e-01	-1.664240922284736524e+00
9.197120880772345630e-02	7.123235303249313422e-01	-6.775629818676791594e-01
7.528140772435625017e-02	9.325294316914105597e-01	-1.125133746925532030e+00
1.393179478564541551e-01	8.290252918001496107e-01	-1.059756633579938434e+00
9.568427899680834181e-02	8.643466712163844212e-01	-1.731509336452343506e+00
4.407429326775344491e-02	5.786953426994494443e-01	-1.019812623578117528e+00
1.482286213625609861e-01	1.198065490429621516e+00	-1.040025643526169885e+00
7.318932516678641753e-02	9.164599414328260529e-01	-2.220119272291405821e+00
3.532696248582532783e-02	8.668530756959634820e-01	-2.204059795865386029e+00
1.126281492579392085e-01	8.491888912899909769e-01	-1.342243020905623307e+00
1.992650288460473262e-01	9.269352356288128592e-01	-6.948601194713517337e-01
1.310733655301149492e-01	7.166113526732507122e-01	-1.516540646757595479e+00
1.248020935468324016e-01	7.951411035656626991e-01	-2.361170929372666372e+00
1.173474286641687792e-01	4.761099467979706956e-01	-2.088819625994877249e+00
1.970385074753961130e-01	1.040805649610023753e+00	-1.572278401661844516e+00
1.298009031520198087e-01	5.825846384539165035e-01	-1.537468035712198366e+00
1.532244761670424893e-01	8.455698938736573300e-01	-1.102859457596991444e+00
1.411873254709748449e-01	8.475371496649110048e-01	-2.282665038658327372e+00
1.303726563947780193e-01	1.042818296425614966e+00	-1.410175506215385344e+00
9.926863775953437274e-02	6.050633764920000379e-01	-1.866776869455240684e+00
2.385654560684914161e-01	5.385234139411403387e-01	-1.662788374229394295e+00
1.953624546735347467e-01	7.539725762348102878e-01	-2.044632746583950667e+00
2.112119880990903087e-01	6.773696005857466895e-01	-2.399946655705494702e+00
2.229119309749353073e-01	6.044719873291534151e-01	-2.849323638405253600e+00
2.425589491817895516e-01	6.753798878743750844e-01	-2.478578856018216925e+00
1.640789002943817965e-01	4.858888540914703680e-01	-2.028584052685293848e+00
1.796982641137948866e-01	4.996993445025992298e-01	-2.076364343942922908e+00
1.255208792461865452e-01	8.312194444168458096e-01	-2.316118870376094208e+00
1.982723876517912265e-01	5.561811125863155292e-01	-2.375544862371474331e+00
3.037535928423550358e-01	6.740820406798636588e-01	-1.728717912127364142e+00
1.916854853178581175e-01	4.922907290309234130e-01	-1.444735418422443463e+00
2.476943493820361053e-01	3.954222402336105557e-01	-1.315223194575818599e+00
2.358047960371763563e-01	3.439220096446601316e-01	-2.912845374064648940e+00
2.382588033821085027e-01	2.986395306689269002e-01	-2.149952246174742232e+00
2.692122677825279364e-01	6.170704537144708901e-01	-3.021642148786511495e+00
2.511098999525672171e-01	5.966884410222440538e-01	-2.344558799805699589e+00
1.946701956944486833e-01	6.330252279778432190e-01	-2.485393372323864369e+00
1.910538792025354426e-01	6.277826946738603864e-01	-2.062459422151382782e+00
2.512191282067608999e-01	6.982504420340363005e-01	-1.830899411386417430e+00
2.138508766502939529e-01	6.080269134734340719e-01	-2.380635738674972579e+00
2.473088144220852436e-01	3.566365252372445394e-01	-2.365011897911290628e+00
3.112975414366715432e-01	7.657799187382361428e-01	-2.171801466592870877e+00
1.326973351628034092e-01	6.496251410402706927e-01	-2.257694728427437347e+00
1.556786257759423253e-01	3.596255240235291528e-01	-2.406891252534795189e+00
2.482042468267239288e-01	3.473836748192681290e-01	-2.447161952075143976e+00
2.035468282066505430e-01	3.994175357893000600e-01	-1.655059060492315659e+00
2.822010305493263260e-01	6.100797730899673033e-01	-2.798235682377327116e+00
2.543360633186276809e-01	5.124705847660681046e-01	-2.112646641083365751e+00
2.247347647581824093e-01	6.538571558284731466e-01	-2.028648102143954191e+00
3.711357629336510255e-01	1.164367299233236008e-01	-2.427410609670314745e+00
2.422833998196763927e-01	3.950277659302037225e-01	-3.160136745230708311e+00
3.061323028284965719e-01	4.969777515139084390e-01	-3.757275713302145270e+00
3.128529285900619739e-01	3.144673900251614973e-01	-2.613802057695602699e+00
2.750323967721832186e-01	5.518462219099602439e-01	-2.716816845513962519e+00
2.440857330645397338e-01	1.792699441383314440e-01	-2.788060511300084698e+00
2.286729022303838066e-01	6.958374860341056678e-01	-2.915987986428699053e+00
2.797867231178563507e-01	1.930791063046963241e-01	-3.203700043068674397e+00
3.097691729590714704e-01	2.219380525512644198e-01	-2.804565719461605600e+00
2.384665243013040226e-01	3.274204745474087463e-01	-2.489242515498028663e+00
3.030639480736055935e-01	1.881391013888931707e-01	-3.224105990459930737e+00
2.801722984868140753e-01	2.466705163644253018e-01	-3.418823701043532726e+00
3.086739407004784885e-01	-1.115345549313466189e-01	-3.133259027277156772e+00
2.646745842825029005e-01	2.671977198868823455e-01	-3.035398994744373802e+00
2.197491716935734696e-01	1.601129683536170745e-01	-1.782912724901097423e+00
2.241978438438923249e-01	2.711690600926313088e-01	-2.136389666355835715e+00
2.004700536998502702e-01	2.206969734579709852e-01	-2.647442655577347370e+00
2.928816171315277717e-01	1.919268889894064078e-01	-2.900153743634471759e+00
3.410638070404026223e-01	9.965504091748858539e-02	-2.821204722967912470e+00
2.619344796896187488e-01	8.942532005904965664e-02	-2.428687825080007912e+00
2.501894108605836053e-01	2.337190602578098075e-01	-2.465981335298699229e+00
2.250866417222491811e-01	1.267373228451688649e-01	-3.204728714943936740e+00
2.703418970556902834e-01	8.065248786676725012e-02	-2.531725193374998018e+00
2.631075104696503075e-01	1.621141817408561225e-01	-2.294869496714431634e+00
3.163517251064869029e-01	5.500145638717314489e-02	-2.612413296667814411e+00
1.458580740666678699e-01	2.567111334063643113e-02	-2.601429093141705895e+00
2.811017230025414371e-01	5.795985130544753505e-02	-2.144052717231925698e+00
2.729845965122298379e-01	-1.356855336092554348e-02	-3.087218401670798862e+00
2.851168965747903905e-01	-2.226444084633373011e-01	-2.832955520086145373e+00
3.261340468136477710e-01	1.375135040193892905e-02	-2.415044285115793610e+00
2.032690129116959676e-01	-4.814135110400825923e-02	-3.100531118046069512e+00
3.100040305085988157e-01	-1.726714142546511843e-01	-3.076023143001653359e+00
2.985785423601765576e-01	1.001826580971639374e-01	-2.422673242920243997e+00
3.025478300096819395e-01	-2.872919304825859443e-01	-2.871255574266205368e+00
3.040948214426004714e-01	-2.344757086908076382e-01	-2.874366472137915629e+00
2.568125647366967801e-01	-3.594883532951104188e-02	-2.443006347381490251e+00
2.951739445716946575e-01	-2.327449813006889634e-01	-2.687340871212817728e+00
2.488969717907969781e-01	-1.686116859016191794e-01	-3.121094370163914000e+00
2.677052256043501721e-01	-4.210072986213434509e-01	-2.472837453812519293e+00
3.098131818912671642e-01	-6.182481157071330335e-02	-2.174482536788485909e+00
1.540257502312381566e-01	-2.906251480475127158e-01	-2.284405181431055976e+00
3.061959862524553100e-01	-7.927706206960739854e-02	-2.986694383779910034e+00
1.954384739039713992e-01	-3.710743378581017882e-01	-2.966234589224487017e+00
2.150414977934060612e-01	-4.149818882446438262e-01	-2.301274853914674345e+00
1.792044055680754866e-01	-2.965255448110132863e-01	-2.266459501179802327e+00
1.938088917920061660e-01	-2.874284760490680157e-01	-2.846915361702766489e+00
3.302352214279501985e-01	-3.773206365305166177e-01	-2.930066549007221521e+00
3.269146726594535091e-01	-3.289075573005737496e-01	-2.737650226449668267e+00
3.236398063879108999e-01	-2.806100989091472320e-01	-3.012750959970940112e+00
2.958018230405986548e-01	-2.744829402365325799e-01	-2.210299054977403532e+00
2.615098619012649617e-01	-2.965203010291850849e-01	-2.177655212234324456e+00
2.616533467695298931e-01	-4.652357913260817268e-01	-2.254029740024779294e+00
3.754210497514973710e-01	-3.673038949645575091e-01	-2.863156640183146528e+00
2.745117151266834865e-01	-2.327089462902485195e-01	-2.448634418845197391e+00
2.888938000257458283e-01	-4.639693280243698537e-01	-3.099334105431269748e+00
1.802003058551105430e-01	-4.660744076673671299e-01	-1.576478450145072152e+00
2.364018596605501898e-01	-3.924736433165008642e-01	-3.632255156642872684e+00
1.728552227808578534e-01	-3.332705077658741910e-01	-2.221077856772665449e+00
2.572411356469200272e-01	-5.497249264711058236e-01	-2.555827262901948949e+00
3.058029117355246518e-01	-5.573014676518990296e-01	-2.278785549426119328e+00
2.498812054701381458e-01	2.300315515771578223e-02	-2.573365058568633401e+00
3.032981671322678152e-01	-2.813293518945664262e-01	-3.193361586215400116e+00
2.825114232167174055e-01	-5.089579915984159264e-01	-1.893149284988518088e+00
2.105951029516726913e-01	-3.793743984924287660e-01	-1.950868887815079722e+00
2.917212534880653796e-01	-4.805480520565037494e-01	-1.832381776093793047e+00
2.413979422344977865e-01	-1.190030781906044055e-01	-1.899707096018259156e+00
1.306112362760646350e-01	-6.085845414484423177e-01	-2.556485649482339806e+00
2.728054215209048117e-01	-3.604304954978374553e-01	-1.513662386871856169e+00
2.488758208342096434e-01	-4.678847300293846878e-01	-1.490560120378669140e+00
3.404391854111085691e-01	-4.284970527450581157e-01	-1.960565550555918080e+00
1.360879988020602949e-01	-3.336384359778039599e-01	-1.470687944935127778e+00
2.589533366990132146e-01	-4.745215233538315758e-01	-2.550058038367882141e+00
2.305917137499068625e-01	-5.347132556808896764e-01	-1.561788441146818585e+00
1.983647606748054626e-01	-6.890686265764167651e-01	-2.672038507334760560e+00
2.438931378573127862e-01	-6.887552324872595610e-01	-1.857966417103980472e+00
1.426871580694811792e-01	-5.464167711256890936e-01	-1.677386843960476215e+00
2.367532816753265823e-01	-4.377384958089252653e-01	-1.299081123110445990e+00
2.527308039110200966e-01	-9.050765197090993031e-01	-1.583834015382269866e+00
1.701513283253734965e-01	-4.405243018454004789e-01	-1.859798887398423251e+00
2.342558918294803116e-01	-6.048256181707529766e-01	-2.212827950294856461e+00
2.711788893722100191e-01	-5.324428902261960639e-01	-1.572294459865591687e+00
1.365903166846022254e-01	-5.184375969235419657e-01	-1.687836927166157741e+00
9.938219600063184778e-02	-7.340255393982935139e-01	-1.669457943486937213e+00
2.263543522364374616e-01	-5.120635250952024764e-01	-9.578729785442784417e-01
1.152676209903482490e-01	-4.652211032958474268e-01	-1.639440160087409781e+00
1.432982380877823592e-01	-6.845433942622604073e-01	-2.088942591372303426e+00
1.539919469800736795e-01	-5.355120331465049732e-01	-1.335668977182490114e+00
1.918282643093363882e-01	-6.586097247220937811e-01	-9.942647057320079806e-01
2.357309426150378251e-01	-7.477186443007590722e-01	-6.204183879938507395e-01
1.090956193748266884e-01	-5.877898640270469155e-01	-1.291640258669951802e+00
1.833866663136138886e-01	-6.296037989296393578e-01	-1.394674836633177595e+00
1.899268916136968577e-01	-6.670456562206722451e-01	-2.584942593991111259e+00
9.662621695844220149e-02	-4.514326038221374571e-01	-3.172701966367472703e-01
7.203875995527120324e-02	-6.133619563553425191e-01	-1.505647445049096200e+00
1.730216605301245492e-01	-7.129552060995848484e-01	-1.400268122306794760e+00
2.367596587138077191e-01	-5.265184217801186506e-01	-9.857077914279173125e-01
9.459139412360956234e-02	-5.728344252327695063e-01	-8.507498895416384377e-01
1.612231277274034369e-01	-7.560155629678192435e-01	-8.977749634609046847e-01
7.520589769504150424e-02	-9.460491410607697604e-01	-1.750932918189278986e+00
8.587317375272254805e-02	-7.203363016091195448e-01	-1.511233378556871454e+00
1.044435675791735713e-01	-7.342610368233154494e-01	-1.522517128185528090e+00
1.864034983455842287e-01	-8.605403225214277585e-01	-7.597244041454670471e-01
1.312875644357883453e-01	-6.289211669834107177e-01	-9.469654416587069967e-01
8.511547617398126930e-02	-7.080000435682851645e-01	-6.178388264390666240e-01
6.009545237227258141e-02	-6.086470657813792817e-01	-1.887510684182203136e-01
1.415669919625240913e-01	-7.605498917911742707e-01	-7.039378617996905341e-01
1.801597843683973577e-01	-7.118476107515562257e-01	-2.304293268649342252e-01
8.723879499168327167e-02	-8.066634551407135811e-01	-6.820062736074933296e-01
4.284556088305042226e-02	-6.120442168071112965e-01	-1.294604995975182415e+00
6.512760572607247112e-02	-8.354022975248553973e-01	-7.434682717123747286e-01
5.978952475165685149e-02	-6.763662223804652873e-01	-1.549244849395696288e+00
7.548688649058601929e-02	-9.169796894860159364e-01	-1.076631053344349720e+00
9.411836032620592152e-02	-8.299998930501761851e-01	-2.964453312534285900e-01
1.417735469155797512e-01	-8.108616406702645607e-01	-4.842096904028671545e-01
4.279807506005329359e-02	-8.624679216836924622e-01	-3.269678579444851296e-02
7.928999802046517165e-02	-8.675621410874013728e-01	-8.103106191105295952e-01
5.556893840429832920e-02	-1.040887967561829885e+00	-1.895810399587317119e-01
4.951013042171160256e-02	-1.013578951722326149e+00	-4.814855713360834955e-01
6.231764365509886994e-02	-9.766746671299028071e-01	-1.225938658825806771e+00
3.838810998825835374e-02	-7.348497078338784849e-01	-5.775439613933550098e-02
2.672057027363838530e-02	-1.018141841748114951e+00	-3.007636240227223312e-01
1.127346089461346429e-01	-1.057951848480326751e+00	4.623610080891794594e-01
-3.884267020127255693e-02	-9.389050846529012340e-01	2.804755218733611666e-01
-1.149103744493650825e-01	-9.531124189234344568e-01	-9.745224743931266698e-01
7.686752123597695441e-02	-8.494987036623768972e-01	-9.143707267510521319e-01
1.149022009940026401e-01	-9.931682592047148539e-01	1.599596491569853784e-01
1.278703861167788253e-02	-8.821305930598728473e-01	-7.821642777739172825e-01
1.349560810701919134e-01	-9.424027338423119904e-01	-8.272411364103148257e-01
9.547200542166842108e-02	-9.488666764157308586e-01	-1.620386583183734963e-01
5.192882533825026944e-03	-5.546288076464644945e-01	4.885958354391642389e-01
4.363822989338479036e-02	-9.166276706095575211e-01	6.259626885390576767e-01
-4.533363234824042132e-02	-6.436863130320419346e-01	4.597992916009932540e-01
-1.101494500635141587e-02	-8.809118480777977656e-01	7.009826219925985313e-01
3.199627663333743516e-02	-8.025971052214705415e-01	3.123652451389566931e-01
-1.140848617896738498e-02	-7.282766738028463305e-01	-5.346483966314691250e-02
-2.156552247281776080e-02	-8.767829347508390159e-01	2.567903076771426152e-01
-6.740142149646419223e-02	-1.050184391624767288e+00	3.963182914130254919e-01
-2.606253036325438185e-02	-1.080276130623073261e+00	2.354882409433171619e-01
-5.532733123500092887e-02	-1.052490433208089105e+00	1.422171415671479311e-01
-2.940071833516141875e-02	-8.308026629466113144e-01	1.528314243809239525e-01
2.147592624602553957e-02	-8.997585611214754531e-01	-9.260802340624851858e-02
-2.020546258831257269e-01	-7.080275321405954392e-01	2.147134170743379422e-01
-1.019461780186615985e-01	-8.245260129552562933e-01	6.258502074407501503e-01
6.865689867151886228e-03	-8.742643589849744545e-01	1.615569183151593480e+00
-2.017403826773013845e-02	-6.468890110491603007e-01	9.679045527406439087e-01
-6.637480610149744387e-02	-6.252531011297094432e-01	9.474677483398403766e-01
2.672786509568751689e-03	-9.139000912665883325e-01	6.212473719182237675e-01
-4.375258124255106129e-02	-8.918209537955481547e-01	1.309580453926310062e+00
-1.298816812511110474e-01	-5.988892893808241968e-01	1.167463194781945823e+00
-5.391492367351267273e-02	-9.254890291952547754e-01	8.414603092279971941e-01
-7.008448643035379566e-02	-7.409934379731453191e-01	6.733632094785425570e-01
-3.359116055572862469e-02	-7.552335480898193509e-01	5.399644945651688177e-01
-6.385757195064518943e-02	-6.153033268063332617e-01	1.610195559393520437e+00
-9.836298497531596741e-02	-7.550266457142589260e-01	1.470182163932423069e+00
-1.000179903176274115e-01	-7.126971958529119133e-01	4.936663341237618186e-01
-1.562089900289049260e-01	-9.470968078619540487e-01	1.031887761981865159e+00
-6.685408045877713756e-02	-5.777753869272670428e-01	1.620564274744391131e+00
-1.810252553202063019e-01	-5.935567199870955823e-01	1.191110072178925394e+00
-6.106559503443736298e-02	-1.092154049425742013e+00	6.910536528400841316e-01
-1.174480994339954648e-01	-5.402860492508897439e-01	1.653959649039635327e+00
-1.163323310096709695e-01	-9.247544819676626338e-01	1.071819885291073859e+00
-9.889079514290285977e-02	-7.549882234084193122e-01	4.218404690576007532e-01
-6.943722706870207595e-02	-6.928824608057332357e-01	1.072383259037900105e+00
-1.136873844903026065e-01	-7.226542580165273844e-01	1.383880660104387372e+00
-1.643959137402163373e-01	-7.684618793309393459e-01	7.703532804729551486e-01
-9.754260069023543145e-02	-6.902744150433195447e-01	2.246985383339663578e+00
-2.667438568079898986e-01	-8.340668526056236320e-01	1.308048061315899568e+00
-9.022763065211367173e-03	-8.641399848367180558e-01	4.500756095552700398e-01
-1.604772162493569854e-01	-8.352316624736522144e-01	1.570058263743383309e+00
-2.272665737700191313e-01	-6.706740067322893850e-01	1.019600875842830767e+00
1.969484608171134798e-02	-4.519106907373475757e-01	2.045694439566110301e+00
-1.984742624176115966e-01	-6.380250846953857691e-01	1.613633109349455141e+00
-9.610229468695535848e-02	-7.343024617754951855e-01	8.620378475490149128e-01
-1.763459802474592053e-01	-5.446891941328012576e-01	1.836717511424720062e+00
-1.976948822860877253e-01	-5.288717946479427612e-01	2.124500401264304283e+00
-1.580430446900743802e-01	-8.477139301602159005e-01	1.598133037618889141e+00
-1.811002898602984967e-01	-4.734925590741388968e-01	1.113916246814179445e+00
-1.146749878562623448e-01	-6.915170312038448897e-01	9.843958183579977206e-01
-1.935762990268389827e-01	-6.270633804698004798e-01	1.714634820957439798e+00
-1.580880270431123669e-01	-5.427612251793549891e-01	2.060772127504781892e+00
-8.458098533887117854e-02	-5.651725645090477368e-01	1.973752310915775299e+00
-2.010974233280557188e-01	-3.274954634912531914e-01	2.387668777325133274e+00
-1.198552276389990012e-01	-3.691880276999921495e-01	1.720302827268634038e+00
-1.515857983874988602e-01	-4.840320735768865457e-01	1.516223627490983494e+00
-1.518979448086675288e-01	-6.055247397419474265e-01	1.576188161990107695e+00
-1.306747419100671159e-01	-7.219961604852392911e-01	2.605486675331431634e+00
-1.752227943485263062e-01	-5.062665744329344353e-01	3.199164477856520694e+00
-2.633148660800954111e-01	-5.451608321439034288e-01	1.318668942645033315e+00
-2.094837320230201194e-01	-5.580923766919672069e-01	1.316073363958384146e+00
-2.074905233678645822e-01	-4.228623298333767933e-01	1.958972341647396309e+00
-1.170967244415866415e-01	-3.702969472304540322e-01	1.989692504931944717e+00
-2.718790614608241896e-01	-2.709381715833080184e-01	1.724456454521983817e+00
-2.648535907365147102e-01	-4.886442153087868778e-01	2.618004897180084889e+00
-1.181177461296546577e-01	-5.190621596410771588e-01	1.736737377166086782e+00
-3.164899330116532905e-01	-3.910843820930311465e-01	2.675650862074190339e+00
-2.108099289176732505e-01	-4.252713434047658003e-01	1.992691630677700720e+00
