Time
0.000000000000000000e+00
2.000080003200128097e-03
4.000160006400256194e-03
6.000240009600383423e-03
8.000320012800512387e-03
1.000040001600063962e-02
1.200048001920076685e-02
1.400056002240089581e-02
1.600064002560102477e-02
1.800072002880115027e-02
2.000080003200127923e-02
2.200088003520140820e-02
2.400096003840153369e-02
2.600104004160166266e-02
2.800112004480179162e-02
3.000120004800191711e-02
3.200128005120204955e-02
3.400136005440217157e-02
3.600144005760230054e-02
3.800152006080242950e-02
4.000160006400255847e-02
4.200168006720268743e-02
4.400176007040281639e-02
4.600184007360293842e-02
4.800192007680306738e-02
5.000200008000319635e-02
5.200208008320332531e-02
5.400216008640345428e-02
5.600224008960358324e-02
5.800232009280370526e-02
6.000240009600383423e-02
6.200248009920396319e-02
6.400256010240409910e-02
6.600264010560422112e-02
6.800272010880434315e-02
7.000280011200447905e-02
7.200288011520460107e-02
7.400296011840473698e-02
7.600304012160485900e-02
7.800312012480498103e-02
8.000320012800511693e-02
8.200328013120523896e-02
8.400336013440537486e-02
8.600344013760549688e-02
8.800352014080563279e-02
9.000360014400575481e-02
9.200368014720587684e-02
9.400376015040601274e-02
9.600384015360613477e-02
9.800392015680627067e-02
1.000040001600063927e-01
1.020040801632065286e-01
1.040041601664066506e-01
1.060042401696067726e-01
1.080043201728069086e-01
1.100044001760070306e-01
1.120044801792071665e-01
1.140045601824072885e-01
1.160046401856074105e-01
1.180047201888075464e-01
1.200048001920076685e-01
1.220048801952078044e-01
1.240049601984079264e-01
1.260050402016080484e-01
1.280051202048081982e-01
1.300052002080083202e-01
1.320052802112084422e-01
1.340053602144085643e-01
1.360054402176086863e-01
1.380055202208088361e-01
1.400056002240089581e-01
1.420056802272090801e-01
1.440057602304092021e-01
1.460058402336093242e-01
1.480059202368094740e-01
1.500060002400095960e-01
1.520060802432097180e-01
1.540061602464098400e-01
1.560062402496099621e-01
1.580063202528101118e-01
1.600064002560102339e-01
1.620064802592103559e-01
1.640065602624104779e-01
1.660066402656106277e-01
1.680067202688107497e-01
1.700068002720108717e-01
1.720068802752109938e-01
1.740069602784111158e-01
1.760070402816112656e-01
1.780071202848113876e-01
1.800072002880115096e-01
1.820072802912116317e-01
1.840073602944117537e-01
1.860074402976119035e-01
1.880075203008120255e-01
1.900076003040121475e-01
1.920076803072122695e-01
1.940077603104123916e-01
1.960078403136125413e-01
1.980079203168126634e-01
2.000080003200127854e-01
2.020080803232129074e-01
2.040081603264130572e-01
2.060082403296131792e-01
2.080083203328133012e-01
2.100084003360134233e-01
2.120084803392135453e-01
2.140085603424136951e-01
2.160086403456138171e-01
2.180087203488139391e-01
2.200088003520140612e-01
2.220088803552141832e-01
2.240089603584143330e-01
2.260090403616144550e-01
2.280091203648145770e-01
2.300092003680146990e-01
2.320092803712148211e-01
2.340093603744149708e-01
2.360094403776150929e-01
2.380095203808152149e-01
2.400096003840153369e-01
2.420096803872154867e-01
2.440097603904156087e-01
2.460098403936157307e-01
2.480099203968158528e-01
2.500100004000159748e-01
2.520100804032160968e-01
2.540101604064162188e-01
2.560102404096163964e-01
2.580103204128165184e-01
2.600104004160166404e-01
2.620104804192167625e-01
2.640105604224168845e-01
2.660106404256170065e-01
2.680107204288171285e-01
2.700108004320172506e-01
2.720108804352173726e-01
2.740109604384174946e-01
2.760110404416176721e-01
2.780111204448177942e-01
2.800112004480179162e-01
2.820112804512180382e-01
2.840113604544181602e-01
2.860114404576182823e-01
2.880115204608184043e-01
2.900116004640185263e-01
2.920116804672186483e-01
2.940117604704188259e-01
2.960118404736189479e-01
2.980119204768190699e-01
3.000120004800191920e-01
3.020120804832193140e-01
3.040121604864194360e-01
3.060122404896195580e-01
3.080123204928196801e-01
3.100124004960198021e-01
3.120124804992199241e-01
3.140125605024201016e-01
3.160126405056202237e-01
3.180127205088203457e-01
3.200128005120204677e-01
3.220128805152205897e-01
3.240129605184207118e-01
3.260130405216208338e-01
3.280131205248209558e-01
3.300132005280210779e-01
3.320132805312212554e-01
3.340133605344213774e-01
3.360134405376214994e-01
3.380135205408216215e-01
3.400136005440217435e-01
3.420136805472218655e-01
3.440137605504219875e-01
3.460138405536221096e-01
3.480139205568222316e-01
3.500140005600223536e-01
3.520140805632225312e-01
3.540141605664226532e-01
3.560142405696227752e-01
3.580143205728228972e-01
3.600144005760230193e-01
3.620144805792231413e-01
3.640145605824232633e-01
3.660146405856233853e-01
3.680147205888235074e-01
3.700148005920236849e-01
3.720148805952238069e-01
3.740149605984239289e-01
3.760150406016240510e-01
3.780151206048241730e-01
3.800152006080242950e-01
3.820152806112244170e-01
3.840153606144245391e-01
3.860154406176246611e-01
3.880155206208247831e-01
3.900156006240249607e-01
3.920156806272250827e-01
3.940157606304252047e-01
3.960158406336253267e-01
3.980159206368254488e-01
4.000160006400255708e-01
4.020160806432256928e-01
4.040161606464258148e-01
4.060162406496259369e-01
4.080163206528261144e-01
4.100164006560262364e-01
4.120164806592263584e-01
4.140165606624264805e-01
4.160166406656266025e-01
4.180167206688267245e-01
4.200168006720268465e-01
4.220168806752269686e-01
4.240169606784270906e-01
4.260170406816272126e-01
4.280171206848273902e-01
4.300172006880275122e-01
4.320172806912276342e-01
4.340173606944277562e-01
4.360174406976278783e-01
4.380175207008280003e-01
4.400176007040281223e-01
4.420176807072282443e-01
4.440177607104283664e-01
4.460178407136285439e-01
4.480179207168286659e-01
4.500180007200287879e-01
4.520180807232289100e-01
4.540181607264290320e-01
4.560182407296291540e-01
4.580183207328292760e-01
4.600184007360293981e-01
4.620184807392295201e-01
4.640185607424296421e-01
4.660186407456298197e-01
4.680187207488299417e-01
4.700188007520300637e-01
4.720188807552301857e-01
4.740189607584303078e-01
4.760190407616304298e-01
4.780191207648305518e-01
4.800192007680306738e-01
4.820192807712307959e-01
4.840193607744309734e-01
4.860194407776310954e-01
4.880195207808312174e-01
4.900196007840313395e-01
4.920196807872314615e-01
4.940197607904315835e-01
4.960198407936317055e-01
4.980199207968318276e-01
5.000200008000319496e-01
5.020200808032321271e-01
5.040201608064321936e-01
5.060202408096323712e-01
5.080203208128324377e-01
5.100204008160326152e-01
5.120204808192327928e-01
5.140205608224328593e-01
5.160206408256330368e-01
5.180207208288331033e-01
5.200208008320332809e-01
5.220208808352333474e-01
5.240209608384335249e-01
5.260210408416335914e-01
5.280211208448337690e-01
5.300212008480338355e-01
5.320212808512340130e-01
5.340213608544341906e-01
5.360214408576342571e-01
5.380215208608344346e-01
5.400216008640345011e-01
5.420216808672346787e-01
5.440217608704347452e-01
5.460218408736349227e-01
5.480219208768349892e-01
5.500220008800351668e-01
5.520220808832353443e-01
5.540221608864354108e-01
5.560222408896355883e-01
5.580223208928356549e-01
5.600224008960358324e-01
5.620224808992358989e-01
5.640225609024360764e-01
5.660226409056361430e-01
5.680227209088363205e-01
5.700228009120364980e-01
5.720228809152365645e-01
5.740229609184367421e-01
5.760230409216368086e-01
5.780231209248369861e-01
5.800232009280370526e-01
5.820232809312372302e-01
5.840233609344372967e-01
5.860234409376374742e-01
5.880235209408376518e-01
5.900236009440377183e-01
5.920236809472378958e-01
5.940237609504379623e-01
5.960238409536381399e-01
5.980239209568382064e-01
6.000240009600383839e-01
6.020240809632384504e-01
6.040241609664386280e-01
6.060242409696386945e-01
6.080243209728388720e-01
6.100244009760390496e-01
6.120244809792391161e-01
6.140245609824392936e-01
6.160246409856393601e-01
6.180247209888395377e-01
6.200248009920396042e-01
6.220248809952397817e-01
6.240249609984398482e-01
6.260250410016400258e-01
6.280251210048402033e-01
6.300252010080402698e-01
6.320252810112404473e-01
6.340253610144405139e-01
6.360254410176406914e-01
6.380255210208407579e-01
6.400256010240409354e-01
6.420256810272410020e-01
6.440257610304411795e-01
6.460258410336413570e-01
6.480259210368414236e-01
6.500260010400416011e-01
6.520260810432416676e-01
6.540261610464418451e-01
6.560262410496419117e-01
6.580263210528420892e-01
6.600264010560421557e-01
6.620264810592423332e-01
6.640265610624425108e-01
6.660266410656425773e-01
6.680267210688427548e-01
6.700268010720428213e-01
6.720268810752429989e-01
6.740269610784430654e-01
6.760270410816432429e-01
6.780271210848433094e-01
6.800272010880434870e-01
6.820272810912435535e-01
6.840273610944437310e-01
6.860274410976439086e-01
6.880275211008439751e-01
6.900276011040441526e-01
6.920276811072442191e-01
6.940277611104443967e-01
6.960278411136444632e-01
6.980279211168446407e-01
7.000280011200447072e-01
7.020280811232448848e-01
7.040281611264450623e-01
7.060282411296451288e-01
7.080283211328453064e-01
7.100284011360453729e-01
7.120284811392455504e-01
7.140285611424456169e-01
7.160286411456457945e-01
7.180287211488458610e-01
7.200288011520460385e-01
7.220288811552462160e-01
7.240289611584462826e-01
7.260290411616464601e-01
7.280291211648465266e-01
7.300292011680467041e-01
7.320292811712467707e-01
7.340293611744469482e-01
7.360294411776470147e-01
7.380295211808471922e-01
7.400296011840473698e-01
7.420296811872474363e-01
7.440297611904476138e-01
7.460298411936476803e-01
7.480299211968478579e-01
7.500300012000479244e-01
7.520300812032481019e-01
7.540301612064481684e-01
7.560302412096483460e-01
7.580303212128484125e-01
7.600304012160485900e-01
7.620304812192487676e-01
7.640305612224488341e-01
7.660306412256490116e-01
7.680307212288490781e-01
7.700308012320492557e-01
7.720308812352493222e-01
7.740309612384494997e-01
7.760310412416495662e-01
7.780311212448497438e-01
7.800312012480499213e-01
7.820312812512499878e-01
7.840313612544501654e-01
7.860314412576502319e-01
7.880315212608504094e-01
7.900316012640504759e-01
7.920316812672506535e-01
7.940317612704507200e-01
7.960318412736508975e-01
7.980319212768510750e-01
8.000320012800511416e-01
8.020320812832513191e-01
8.040321612864513856e-01
8.060322412896515631e-01
8.080323212928516297e-01
8.100324012960518072e-01
8.120324812992518737e-01
8.140325613024520512e-01
8.160326413056522288e-01
8.180327213088522953e-01
8.200328013120524728e-01
8.220328813152525393e-01
8.240329613184527169e-01
8.260330413216527834e-01
8.280331213248529609e-01
8.300332013280530274e-01
8.320332813312532050e-01
8.340333613344532715e-01
8.360334413376534490e-01
8.380335213408536266e-01
8.400336013440536931e-01
8.420336813472538706e-01
8.440337613504539371e-01
8.460338413536541147e-01
8.480339213568541812e-01
8.500340013600543587e-01
8.520340813632544252e-01
8.540341613664546028e-01
8.560342413696547803e-01
8.580343213728548468e-01
8.600344013760550244e-01
8.620344813792550909e-01
8.640345613824552684e-01
8.660346413856553349e-01
8.680347213888555125e-01
8.700348013920555790e-01
8.720348813952557565e-01
8.740349613984559340e-01
8.760350414016560006e-01
8.780351214048561781e-01
8.800352014080562446e-01
8.820352814112564221e-01
8.840353614144564887e-01
8.860354414176566662e-01
8.880355214208567327e-01
8.900356014240569102e-01
8.920356814272570878e-01
8.940357614304571543e-01
8.960358414336573318e-01
8.980359214368573983e-01
9.000360014400575759e-01
9.020360814432576424e-01
9.040361614464578199e-01
9.060362414496578864e-01
9.080363214528580640e-01
9.100364014560581305e-01
9.120364814592583080e-01
9.140365614624584856e-01
9.160366414656585521e-01
9.180367214688587296e-01
9.200368014720587961e-01
9.220368814752589737e-01
9.240369614784590402e-01
9.260370414816592177e-01
9.280371214848592842e-01
9.300372014880594618e-01
9.320372814912596393e-01
9.340373614944597058e-01
9.360374414976598834e-01
9.380375215008599499e-01
9.400376015040601274e-01
9.420376815072601939e-01
9.440377615104603715e-01
9.460378415136604380e-01
9.480379215168606155e-01
9.500380015200607930e-01
9.520380815232608596e-01
9.540381615264610371e-01
9.560382415296611036e-01
9.580383215328612811e-01
9.600384015360613477e-01
9.620384815392615252e-01
9.640385615424615917e-01
9.660386415456617692e-01
9.680387215488619468e-01
9.700388015520620133e-01
9.720388815552621908e-01
9.740389615584622574e-01
9.760390415616624349e-01
9.780391215648625014e-01
9.800392015680626789e-01
9.820392815712627455e-01
9.840393615744629230e-01
9.860394415776629895e-01
9.880395215808631670e-01
9.900396015840633446e-01
9.920396815872634111e-01
9.940397615904635886e-01
9.960398415936636551e-01
9.980399215968638327e-01
1.000040001600063899e+00
1.002040081603263966e+00
1.004040161606464254e+00
1.006040241609664321e+00
1.008040321612864387e+00
1.010040401616064676e+00
1.012040481619264742e+00
1.014040561622464809e+00
1.016040641625664875e+00
1.018040721628865164e+00
1.020040801632065230e+00
1.022040881635265297e+00
1.024040961638465586e+00
1.026041041641665652e+00
1.028041121644865719e+00
1.030041201648065785e+00
1.032041281651266074e+00
1.034041361654466140e+00
1.036041441657666207e+00
1.038041521660866273e+00
1.040041601664066562e+00
1.042041681667266628e+00
1.044041761670466695e+00
1.046041841673666983e+00
1.048041921676867050e+00
1.050042001680067116e+00
1.052042081683267183e+00
1.054042161686467471e+00
1.056042241689667538e+00
1.058042321692867604e+00
1.060042401696067671e+00
1.062042481699267960e+00
1.064042561702468026e+00
1.066042641705668093e+00
1.068042721708868381e+00
1.070042801712068448e+00
1.072042881715268514e+00
1.074042961718468581e+00
1.076043041721668869e+00
1.078043121724868936e+00
1.080043201728069002e+00
1.082043281731269291e+00
1.084043361734469357e+00
1.086043441737669424e+00
1.088043521740869490e+00
1.090043601744069779e+00
1.092043681747269845e+00
1.094043761750469912e+00
1.096043841753669978e+00
1.098043921756870267e+00
1.100044001760070334e+00
1.102044081763270400e+00
1.104044161766470689e+00
1.106044241769670755e+00
1.108044321772870822e+00
1.110044401776070888e+00
1.112044481779271177e+00
1.114044561782471243e+00
1.116044641785671310e+00
1.118044721788871376e+00
1.120044801792071665e+00
1.122044881795271731e+00
1.124044961798471798e+00
1.126045041801672086e+00
1.128045121804872153e+00
1.130045201808072219e+00
1.132045281811272286e+00
1.134045361814472574e+00
1.136045441817672641e+00
1.138045521820872708e+00
1.140045601824072996e+00
1.142045681827273063e+00
1.144045761830473129e+00
1.146045841833673196e+00
1.148045921836873484e+00
1.150046001840073551e+00
1.152046081843273617e+00
1.154046161846473684e+00
1.156046241849673972e+00
1.158046321852874039e+00
1.160046401856074105e+00
1.162046481859274394e+00
1.164046561862474460e+00
1.166046641865674527e+00
1.168046721868874593e+00
1.170046801872074882e+00
1.172046881875274948e+00
1.174046961878475015e+00
1.176047041881675304e+00
1.178047121884875370e+00
1.180047201888075437e+00
1.182047281891275503e+00
1.184047361894475792e+00
1.186047441897675858e+00
1.188047521900875925e+00
1.190047601904075991e+00
1.192047681907276280e+00
1.194047761910476346e+00
1.196047841913676413e+00
1.198047921916876701e+00
1.200048001920076768e+00
1.202048081923276834e+00
1.204048161926476901e+00
1.206048241929677189e+00
1.208048321932877256e+00
1.210048401936077322e+00
1.212048481939277389e+00
1.214048561942477678e+00
1.216048641945677744e+00
1.218048721948877811e+00
1.220048801952078099e+00
1.222048881955278166e+00
1.224048961958478232e+00
1.226049041961678299e+00
1.228049121964878587e+00
1.230049201968078654e+00
1.232049281971278720e+00
1.234049361974479009e+00
1.236049441977679075e+00
1.238049521980879142e+00
1.240049601984079208e+00
1.242049681987279497e+00
1.244049761990479563e+00
1.246049841993679630e+00
1.248049921996879696e+00
1.250050002000079985e+00
1.252050082003280052e+00
1.254050162006480118e+00
1.256050242009680407e+00
1.258050322012880473e+00
1.260050402016080540e+00
1.262050482019280606e+00
1.264050562022480895e+00
1.266050642025680961e+00
1.268050722028881028e+00
1.270050802032081094e+00
1.272050882035281383e+00
1.274050962038481449e+00
1.276051042041681516e+00
1.278051122044881804e+00
1.280051202048081871e+00
1.282051282051281937e+00
1.284051362054482004e+00
1.286051442057682292e+00
1.288051522060882359e+00
1.290051602064082426e+00
1.292051682067282714e+00
1.294051762070482781e+00
1.296051842073682847e+00
1.298051922076882914e+00
1.300052002080083202e+00
1.302052082083283269e+00
1.304052162086483335e+00
1.306052242089683402e+00
1.308052322092883690e+00
1.310052402096083757e+00
1.312052482099283823e+00
1.314052562102484112e+00
1.316052642105684178e+00
1.318052722108884245e+00
1.320052802112084311e+00
1.322052882115284600e+00
1.324052962118484666e+00
1.326053042121684733e+00
1.328053122124885022e+00
1.330053202128085088e+00
1.332053282131285155e+00
1.334053362134485221e+00
1.336053442137685510e+00
1.338053522140885576e+00
1.340053602144085643e+00
1.342053682147285709e+00
1.344053762150485998e+00
1.346053842153686064e+00
1.348053922156886131e+00
1.350054002160086419e+00
1.352054082163286486e+00
1.354054162166486552e+00
1.356054242169686619e+00
1.358054322172886907e+00
1.360054402176086974e+00
1.362054482179287040e+00
1.364054562182487107e+00
1.366054642185687396e+00
1.368054722188887462e+00
1.370054802192087529e+00
1.372054882195287817e+00
1.374054962198487884e+00
1.376055042201687950e+00
1.378055122204888017e+00
1.380055202208088305e+00
1.382055282211288372e+00
1.384055362214488438e+00
1.386055442217688727e+00
1.388055522220888793e+00
1.390055602224088860e+00
1.392055682227288926e+00
1.394055762230489215e+00
1.396055842233689281e+00
1.398055922236889348e+00
1.400056002240089414e+00
1.402056082243289703e+00
1.404056162246489770e+00
1.406056242249689836e+00
1.408056322252890125e+00
1.410056402256090191e+00
1.412056482259290258e+00
1.414056562262490324e+00
1.416056642265690613e+00
1.418056722268890679e+00
1.420056802272090746e+00
1.422056882275290812e+00
1.424056962278491101e+00
1.426057042281691167e+00
1.428057122284891234e+00
1.430057202288091522e+00
1.432057282291291589e+00
1.434057362294491655e+00
1.436057442297691722e+00
1.438057522300892010e+00
1.440057602304092077e+00
1.442057682307292144e+00
1.444057762310492432e+00
1.446057842313692499e+00
1.448057922316892565e+00
1.450058002320092632e+00
1.452058082323292920e+00
1.454058162326492987e+00
1.456058242329693053e+00
1.458058322332893120e+00
1.460058402336093408e+00
1.462058482339293475e+00
1.464058562342493541e+00
1.466058642345693830e+00
1.468058722348893896e+00
1.470058802352093963e+00
1.472058882355294029e+00
1.474058962358494318e+00
1.476059042361694384e+00
1.478059122364894451e+00
1.480059202368094740e+00
1.482059282371294806e+00
1.484059362374494873e+00
1.486059442377694939e+00
1.488059522380895228e+00
1.490059602384095294e+00
1.492059682387295361e+00
1.494059762390495427e+00
1.496059842393695716e+00
1.498059922396895782e+00
1.500060002400095849e+00
1.502060082403296137e+00
1.504060162406496204e+00
1.506060242409696270e+00
1.508060322412896337e+00
1.510060402416096625e+00
1.512060482419296692e+00
1.514060562422496758e+00
1.516060642425696825e+00
1.518060722428897114e+00
1.520060802432097180e+00
1.522060882435297247e+00
1.524060962438497535e+00
1.526061042441697602e+00
1.528061122444897668e+00
1.530061202448097735e+00
1.532061282451298023e+00
1.534061362454498090e+00
1.536061442457698156e+00
1.538061522460898445e+00
1.540061602464098511e+00
1.542061682467298578e+00
1.544061762470498644e+00
1.546061842473698933e+00
1.548061922476898999e+00
1.550062002480099066e+00
1.552062082483299132e+00
1.554062162486499421e+00
1.556062242489699488e+00
1.558062322492899554e+00
1.560062402496099843e+00
1.562062482499299909e+00
1.564062562502499976e+00
1.566062642505700042e+00
1.568062722508900331e+00
1.570062802512100397e+00
1.572062882515300464e+00
1.574062962518500752e+00
1.576063042521700819e+00
1.578063122524900885e+00
1.580063202528100952e+00
1.582063282531301240e+00
1.584063362534501307e+00
1.586063442537701373e+00
1.588063522540901440e+00
1.590063602544101728e+00
1.592063682547301795e+00
1.594063762550501862e+00
1.596063842553702150e+00
1.598063922556902217e+00
1.600064002560102283e+00
1.602064082563302350e+00
1.604064162566502638e+00
1.606064242569702705e+00
1.608064322572902771e+00
1.610064402576102838e+00
1.612064482579303126e+00
1.614064562582503193e+00
1.616064642585703259e+00
1.618064722588903548e+00
1.620064802592103614e+00
1.622064882595303681e+00
1.624064962598503747e+00
1.626065042601704036e+00
1.628065122604904102e+00
1.630065202608104169e+00
1.632065282611304458e+00
1.634065362614504524e+00
1.636065442617704591e+00
1.638065522620904657e+00
1.640065602624104946e+00
1.642065682627305012e+00
1.644065762630505079e+00
1.646065842633705145e+00
1.648065922636905434e+00
1.650066002640105500e+00
1.652066082643305567e+00
1.654066162646505855e+00
1.656066242649705922e+00
1.658066322652905988e+00
1.660066402656106055e+00
1.662066482659306343e+00
1.664066562662506410e+00
1.666066642665706476e+00
1.668066722668906543e+00
1.670066802672106832e+00
1.672066882675306898e+00
1.674066962678506965e+00
1.676067042681707253e+00
1.678067122684907320e+00
1.680067202688107386e+00
1.682067282691307453e+00
1.684067362694507741e+00
1.686067442697707808e+00
1.688067522700907874e+00
1.690067602704108163e+00
1.692067682707308229e+00
1.694067762710508296e+00
1.696067842713708362e+00
1.698067922716908651e+00
1.700068002720108717e+00
1.702068082723308784e+00
1.704068162726508850e+00
1.706068242729709139e+00
1.708068322732909206e+00
1.710068402736109272e+00
1.712068482739309561e+00
1.714068562742509627e+00
1.716068642745709694e+00
1.718068722748909760e+00
1.720068802752110049e+00
1.722068882755310115e+00
1.724068962758510182e+00
1.726069042761710470e+00
1.728069122764910537e+00
1.730069202768110603e+00
1.732069282771310670e+00
1.734069362774510958e+00
1.736069442777711025e+00
1.738069522780911091e+00
1.740069602784111158e+00
1.742069682787311447e+00
1.744069762790511513e+00
1.746069842793711580e+00
1.748069922796911868e+00
1.750070002800111935e+00
1.752070082803312001e+00
1.754070162806512068e+00
1.756070242809712356e+00
1.758070322812912423e+00
1.760070402816112489e+00
1.762070482819312556e+00
1.764070562822512844e+00
1.766070642825712911e+00
1.768070722828912977e+00
1.770070802832113266e+00
1.772070882835313332e+00
1.774070962838513399e+00
1.776071042841713465e+00
1.778071122844913754e+00
1.780071202848113820e+00
1.782071282851313887e+00
1.784071362854514176e+00
1.786071442857714242e+00
1.788071522860914309e+00
1.790071602864114375e+00
1.792071682867314664e+00
1.794071762870514730e+00
1.796071842873714797e+00
1.798071922876914863e+00
1.800072002880115152e+00
1.802072082883315218e+00
1.804072162886515285e+00
1.806072242889715573e+00
1.808072322892915640e+00
1.810072402896115706e+00
1.812072482899315773e+00
1.814072562902516061e+00
1.816072642905716128e+00
1.818072722908916194e+00
1.820072802912116261e+00
1.822072882915316550e+00
1.824072962918516616e+00
1.826073042921716683e+00
1.828073122924916971e+00
1.830073202928117038e+00
1.832073282931317104e+00
1.834073362934517171e+00
1.836073442937717459e+00
1.838073522940917526e+00
1.840073602944117592e+00
1.842073682947317881e+00
1.844073762950517947e+00
1.846073842953718014e+00
1.848073922956918080e+00
1.850074002960118369e+00
1.852074082963318435e+00
1.854074162966518502e+00
1.856074242969718568e+00
1.858074322972918857e+00
1.860074402976118924e+00
1.862074482979318990e+00
1.864074562982519279e+00
1.866074642985719345e+00
1.868074722988919412e+00
1.870074802992119478e+00
1.872074882995319767e+00
1.874074962998519833e+00
1.876075043001719900e+00
1.878075123004920188e+00
1.880075203008120255e+00
1.882075283011320321e+00
1.884075363014520388e+00
1.886075443017720676e+00
1.888075523020920743e+00
1.890075603024120809e+00
1.892075683027320876e+00
1.894075763030521165e+00
1.896075843033721231e+00
1.898075923036921298e+00
1.900076003040121586e+00
1.902076083043321653e+00
1.904076163046521719e+00
1.906076243049721786e+00
1.908076323052922074e+00
1.910076403056122141e+00
1.912076483059322207e+00
1.914076563062522274e+00
1.916076643065722562e+00
1.918076723068922629e+00
1.920076803072122695e+00
1.922076883075322984e+00
1.924076963078523050e+00
1.926077043081723117e+00
1.928077123084923183e+00
1.930077203088123472e+00
1.932077283091323538e+00
1.934077363094523605e+00
1.936077443097723894e+00
1.938077523100923960e+00
1.940077603104124027e+00
1.942077683107324093e+00
1.944077763110524382e+00
1.946077843113724448e+00
1.948077923116924515e+00
1.950078003120124581e+00
1.952078083123324870e+00
1.954078163126524936e+00
1.956078243129725003e+00
1.958078323132925291e+00
1.960078403136125358e+00
1.962078483139325424e+00
1.964078563142525491e+00
1.966078643145725779e+00
1.968078723148925846e+00
1.970078803152125912e+00
1.972078883155325979e+00
1.974078963158526268e+00
1.976079043161726334e+00
1.978079123164926401e+00
1.980079203168126689e+00
1.982079283171326756e+00
1.984079363174526822e+00
1.986079443177726889e+00
1.988079523180927177e+00
1.990079603184127244e+00
1.992079683187327310e+00
1.994079763190527599e+00
1.996079843193727665e+00
1.998079923196927732e+00
2.000080003200127798e+00
2.002080083203328087e+00
2.004080163206527931e+00
2.006080243209728220e+00
2.008080323212928509e+00
2.010080403216128353e+00
2.012080483219328642e+00
2.014080563222528930e+00
2.016080643225728775e+00
2.018080723228929063e+00
2.020080803232129352e+00
2.022080883235329196e+00
2.024080963238529485e+00
2.026081043241729329e+00
2.028081123244929618e+00
2.030081203248129906e+00
2.032081283251329751e+00
2.034081363254530039e+00
2.036081443257730328e+00
2.038081523260930172e+00
2.040081603264130461e+00
2.042081683267330749e+00
2.044081763270530594e+00
2.046081843273730883e+00
2.048081923276931171e+00
2.050082003280131016e+00
2.052082083283331304e+00
2.054082163286531149e+00
2.056082243289731437e+00
2.058082323292931726e+00
2.060082403296131570e+00
2.062082483299331859e+00
2.064082563302532147e+00
2.066082643305731992e+00
2.068082723308932280e+00
2.070082803312132569e+00
2.072082883315332413e+00
2.074082963318532702e+00
2.076083043321732546e+00
2.078083123324932835e+00
2.080083203328133123e+00
2.082083283331332968e+00
2.084083363334533257e+00
2.086083443337733545e+00
2.088083523340933390e+00
2.090083603344133678e+00
2.092083683347333967e+00
2.094083763350533811e+00
2.096083843353734100e+00
2.098083923356933944e+00
2.100084003360134233e+00
2.102084083363334521e+00
2.104084163366534366e+00
2.106084243369734654e+00
2.108084323372934943e+00
2.110084403376134787e+00
2.112084483379335076e+00
2.114084563382535364e+00
2.116084643385735209e+00
2.118084723388935497e+00
2.120084803392135342e+00
2.122084883395335630e+00
2.124084963398535919e+00
2.126085043401735764e+00
2.128085123404936052e+00
2.130085203408136341e+00
2.132085283411336185e+00
2.134085363414536474e+00
2.136085443417736762e+00
2.138085523420936607e+00
2.140085603424136895e+00
2.142085683427336740e+00
2.144085763430537028e+00
2.146085843433737317e+00
2.148085923436937161e+00
2.150086003440137450e+00
2.152086083443337738e+00
2.154086163446537583e+00
2.156086243449737871e+00
2.158086323452938160e+00
2.160086403456138004e+00
2.162086483459338293e+00
2.164086563462538582e+00
2.166086643465738426e+00
2.168086723468938715e+00
2.170086803472138559e+00
2.172086883475338848e+00
2.174086963478539136e+00
2.176087043481738981e+00
2.178087123484939269e+00
2.180087203488139558e+00
2.182087283491339402e+00
2.184087363494539691e+00
2.186087443497739979e+00
2.188087523500939824e+00
2.190087603504140112e+00
2.192087683507339957e+00
2.194087763510540245e+00
2.196087843513740534e+00
2.198087923516940378e+00
2.200088003520140667e+00
2.202088083523340956e+00
2.204088163526540800e+00
2.206088243529741089e+00
2.208088323532941377e+00
2.210088403536141222e+00
2.212088483539341510e+00
2.214088563542541355e+00
2.216088643545741643e+00
2.218088723548941932e+00
2.220088803552141776e+00
2.222088883555342065e+00
2.224088963558542353e+00
2.226089043561742198e+00
2.228089123564942486e+00
2.230089203568142775e+00
2.232089283571342619e+00
2.234089363574542908e+00
2.236089443577742752e+00
2.238089523580943041e+00
2.240089603584143330e+00
2.242089683587343174e+00
2.244089763590543463e+00
2.246089843593743751e+00
2.248089923596943596e+00
2.250090003600143884e+00
2.252090083603344173e+00
2.254090163606544017e+00
2.256090243609744306e+00
2.258090323612944594e+00
2.260090403616144439e+00
2.262090483619344727e+00
2.264090563622544572e+00
2.266090643625744860e+00
2.268090723628945149e+00
2.270090803632144993e+00
2.272090883635345282e+00
2.274090963638545571e+00
2.276091043641745415e+00
2.278091123644945704e+00
2.280091203648145992e+00
2.282091283651345837e+00
2.284091363654546125e+00
2.286091443657745970e+00
2.288091523660946258e+00
2.290091603664146547e+00
2.292091683667346391e+00
2.294091763670546680e+00
2.296091843673746968e+00
2.298091923676946813e+00
2.300092003680147101e+00
2.302092083683347390e+00
2.304092163686547234e+00
2.306092243689747523e+00
2.308092323692947367e+00
2.310092403696147656e+00
2.312092483699347945e+00
2.314092563702547789e+00
2.316092643705748078e+00
2.318092723708948366e+00
2.320092803712148211e+00
2.322092883715348499e+00
2.324092963718548788e+00
2.326093043721748632e+00
2.328093123724948921e+00
2.330093203728148765e+00
2.332093283731349054e+00
2.334093363734549342e+00
2.336093443737749187e+00
2.338093523740949475e+00
2.340093603744149764e+00
2.342093683747349608e+00
2.344093763750549897e+00
2.346093843753750185e+00
2.348093923756950030e+00
2.350094003760150319e+00
2.352094083763350607e+00
2.354094163766550452e+00
2.356094243769750740e+00
2.358094323772950585e+00
2.360094403776150873e+00
2.362094483779351162e+00
2.364094563782551006e+00
2.366094643785751295e+00
2.368094723788951583e+00
2.370094803792151428e+00
2.372094883795351716e+00
2.374094963798552005e+00
2.376095043801751849e+00
2.378095123804952138e+00
2.380095203808151982e+00
2.382095283811352271e+00
2.384095363814552559e+00
2.386095443817752404e+00
2.388095523820952693e+00
2.390095603824152981e+00
2.392095683827352826e+00
2.394095763830553114e+00
2.396095843833753403e+00
2.398095923836953247e+00
2.400096003840153536e+00
2.402096083843353380e+00
2.404096163846553669e+00
2.406096243849753957e+00
2.408096323852953802e+00
2.410096403856154090e+00
2.412096483859354379e+00
2.414096563862554223e+00
2.416096643865754512e+00
2.418096723868954800e+00
2.420096803872154645e+00
2.422096883875354933e+00
2.424096963878554778e+00
2.426097043881755067e+00
2.428097123884955355e+00
2.430097203888155200e+00
2.432097283891355488e+00
2.434097363894555777e+00
2.436097443897755621e+00
2.438097523900955910e+00
2.440097603904156198e+00
2.442097683907356043e+00
2.444097763910556331e+00
2.446097843913756176e+00
2.448097923916956464e+00
2.450098003920156753e+00
2.452098083923356597e+00
2.454098163926556886e+00
2.456098243929757174e+00
2.458098323932957019e+00
2.460098403936157307e+00
2.462098483939357596e+00
2.464098563942557440e+00
2.466098643945757729e+00
2.468098723948958018e+00
2.470098803952157862e+00
2.472098883955358151e+00
2.474098963958557995e+00
2.476099043961758284e+00
2.478099123964958572e+00
2.480099203968158417e+00
2.482099283971358705e+00
2.484099363974558994e+00
2.486099443977758838e+00
2.488099523980959127e+00
2.490099603984159415e+00
2.492099683987359260e+00
2.494099763990559548e+00
2.496099843993759393e+00
2.498099923996959681e+00
2.500100004000159970e+00
2.502100084003359814e+00
2.504100164006560103e+00
2.506100244009760392e+00
2.508100324012960236e+00
2.510100404016160525e+00
2.512100484019360813e+00
2.514100564022560658e+00
2.516100644025760946e+00
2.518100724028960791e+00
2.520100804032161079e+00
2.522100884035361368e+00
2.524100964038561212e+00
2.526101044041761501e+00
2.528101124044961789e+00
2.530101204048161634e+00
2.532101284051361922e+00
2.534101364054562211e+00
2.536101444057762055e+00
2.538101524060962344e+00
2.540101604064162188e+00
2.542101684067362477e+00
2.544101764070562766e+00
2.546101844073762610e+00
2.548101924076962899e+00
2.550102004080163187e+00
2.552102084083363032e+00
2.554102164086563320e+00
2.556102244089763609e+00
2.558102324092963453e+00
2.560102404096163742e+00
2.562102484099364030e+00
2.564102564102563875e+00
2.566102644105764163e+00
2.568102724108964008e+00
2.570102804112164296e+00
2.572102884115364585e+00
2.574102964118564429e+00
2.576103044121764718e+00
2.578103124124965007e+00
2.580103204128164851e+00
2.582103284131365140e+00
2.584103364134565428e+00
2.586103444137765273e+00
2.588103524140965561e+00
2.590103604144165406e+00
2.592103684147365694e+00
2.594103764150565983e+00
2.596103844153765827e+00
2.598103924156966116e+00
2.600104004160166404e+00
2.602104084163366249e+00
2.604104164166566537e+00
2.606104244169766826e+00
2.608104324172966670e+00
2.610104404176166959e+00
2.612104484179366803e+00
2.614104564182567092e+00
2.616104644185767381e+00
2.618104724188967225e+00
2.620104804192167514e+00
2.622104884195367802e+00
2.624104964198567647e+00
2.626105044201767935e+00
2.628105124204968224e+00
2.630105204208168068e+00
2.632105284211368357e+00
2.634105364214568201e+00
2.636105444217768490e+00
2.638105524220968778e+00
2.640105604224168623e+00
2.642105684227368911e+00
2.644105764230569200e+00
2.646105844233769044e+00
2.648105924236969333e+00
2.650106004240169622e+00
2.652106084243369466e+00
2.654106164246569755e+00
2.656106244249770043e+00
2.658106324252969888e+00
2.660106404256170176e+00
2.662106484259370021e+00
2.664106564262570309e+00
2.666106644265770598e+00
2.668106724268970442e+00
2.670106804272170731e+00
2.672106884275371019e+00
2.674106964278570864e+00
2.676107044281771152e+00
2.678107124284971441e+00
2.680107204288171285e+00
2.682107284291371574e+00
2.684107364294571418e+00
2.686107444297771707e+00
2.688107524300971996e+00
2.690107604304171840e+00
2.692107684307372129e+00
2.694107764310572417e+00
2.696107844313772262e+00
2.698107924316972550e+00
2.700108004320172839e+00
2.702108084323372683e+00
2.704108164326572972e+00
2.706108244329772816e+00
2.708108324332973105e+00
2.710108404336173393e+00
2.712108484339373238e+00
2.714108564342573526e+00
2.716108644345773815e+00
2.718108724348973659e+00
2.720108804352173948e+00
2.722108884355374236e+00
2.724108964358574081e+00
2.726109044361774369e+00
2.728109124364974214e+00
2.730109204368174503e+00
2.732109284371374791e+00
2.734109364374574636e+00
2.736109444377774924e+00
2.738109524380975213e+00
2.740109604384175057e+00
2.742109684387375346e+00
2.744109764390575634e+00
2.746109844393775479e+00
2.748109924396975767e+00
2.750110004400176056e+00
2.752110084403375900e+00
2.754110164406576189e+00
2.756110244409776033e+00
2.758110324412976322e+00
2.760110404416176610e+00
2.762110484419376455e+00
2.764110564422576743e+00
2.766110644425777032e+00
2.768110724428976877e+00
2.770110804432177165e+00
2.772110884435377454e+00
2.774110964438577298e+00
2.776111044441777587e+00
2.778111124444977431e+00
2.780111204448177720e+00
2.782111284451378008e+00
2.784111364454577853e+00
2.786111444457778141e+00
2.788111524460978430e+00
2.790111604464178274e+00
2.792111684467378563e+00
2.794111764470578851e+00
2.796111844473778696e+00
2.798111924476978984e+00
2.800112004480178829e+00
2.802112084483379117e+00
2.804112164486579406e+00
2.806112244489779251e+00
2.808112324492979539e+00
2.810112404496179828e+00
2.812112484499379672e+00
2.814112564502579961e+00
2.816112644505780249e+00
2.818112724508980094e+00
2.820112804512180382e+00
2.822112884515380227e+00
2.824112964518580515e+00
2.826113044521780804e+00
2.828113124524980648e+00
2.830113204528180937e+00
2.832113284531381225e+00
2.834113364534581070e+00
2.836113444537781358e+00
2.838113524540981647e+00
2.840113604544181491e+00
2.842113684547381780e+00
2.844113764550581624e+00
2.846113844553781913e+00
2.848113924556982202e+00
2.850114004560182046e+00
2.852114084563382335e+00
2.854114164566582623e+00
2.856114244569782468e+00
2.858114324572982756e+00
2.860114404576183045e+00
2.862114484579382889e+00
2.864114564582583178e+00
2.866114644585783466e+00
2.868114724588983311e+00
2.870114804592183599e+00
2.872114884595383444e+00
2.874114964598583732e+00
2.876115044601784021e+00
2.878115124604983865e+00
2.880115204608184154e+00
2.882115284611384443e+00
2.884115364614584287e+00
2.886115444617784576e+00
2.888115524620984864e+00
2.890115604624184709e+00
2.892115684627384997e+00
2.894115764630584842e+00
2.896115844633785130e+00
2.898115924636985419e+00
2.900116004640185263e+00
2.902116084643385552e+00
2.904116164646585840e+00
2.906116244649785685e+00
2.908116324652985973e+00
2.910116404656186262e+00
2.912116484659386106e+00
2.914116564662586395e+00
2.916116644665786239e+00
2.918116724668986528e+00
2.920116804672186817e+00
2.922116884675386661e+00
2.924116964678586950e+00
2.926117044681787238e+00
2.928117124684987083e+00
2.930117204688187371e+00
2.932117284691387660e+00
2.934117364694587504e+00
2.936117444697787793e+00
2.938117524700987637e+00
2.940117604704187926e+00
2.942117684707388214e+00
2.944117764710588059e+00
2.946117844713788347e+00
2.948117924716988636e+00
2.950118004720188480e+00
2.952118084723388769e+00
2.954118164726589058e+00
2.956118244729788902e+00
2.958118324732989191e+00
2.960118404736189479e+00
2.962118484739389324e+00
2.964118564742589612e+00
2.966118644745789457e+00
2.968118724748989745e+00
2.970118804752190034e+00
2.972118884755389878e+00
2.974118964758590167e+00
2.976119044761790455e+00
2.978119124764990300e+00
2.980119204768190588e+00
2.982119284771390877e+00
2.984119364774590721e+00
2.986119444777791010e+00
2.988119524780990854e+00
2.990119604784191143e+00
2.992119684787391432e+00
2.994119764790591276e+00
2.996119844793791565e+00
2.998119924796991853e+00
3.000120004800191698e+00
3.002120084803391986e+00
3.004120164806592275e+00
3.006120244809792119e+00
3.008120324812992408e+00
3.010120404816192252e+00
3.012120484819392541e+00
3.014120564822592829e+00
3.016120644825792674e+00
3.018120724828992962e+00
3.020120804832193251e+00
3.022120884835393095e+00
3.024120964838593384e+00
3.026121044841793672e+00
3.028121124844993517e+00
3.030121204848193806e+00
3.032121284851393650e+00
3.034121364854593939e+00
3.036121444857794227e+00
3.038121524860994072e+00
3.040121604864194360e+00
3.042121684867394649e+00
3.044121764870594493e+00
3.046121844873794782e+00
3.048121924876995070e+00
3.050122004880194915e+00
3.052122084883395203e+00
3.054122164886595492e+00
3.056122244889795336e+00
3.058122324892995625e+00
3.060122404896195469e+00
3.062122484899395758e+00
3.064122564902596046e+00
3.066122644905795891e+00
3.068122724908996179e+00
3.070122804912196468e+00
3.072122884915396313e+00
3.074122964918596601e+00
3.076123044921796890e+00
3.078123124924996734e+00
3.080123204928197023e+00
3.082123284931396867e+00
3.084123364934597156e+00
3.086123444937797444e+00
3.088123524940997289e+00
3.090123604944197577e+00
3.092123684947397866e+00
3.094123764950597710e+00
3.096123844953797999e+00
3.098123924956998287e+00
3.100124004960198132e+00
3.102124084963398420e+00
3.104124164966598265e+00
3.106124244969798553e+00
3.108124324972998842e+00
3.110124404976198687e+00
3.112124484979398975e+00
3.114124564982599264e+00
3.116124644985799108e+00
3.118124724988999397e+00
3.120124804992199685e+00
3.122124884995399530e+00
3.124124964998599818e+00
3.126125045001799663e+00
3.128125125004999951e+00
3.130125205008200240e+00
3.132125285011400084e+00
3.134125365014600373e+00
3.136125445017800661e+00
3.138125525021000506e+00
3.140125605024200794e+00
3.142125685027401083e+00
3.144125765030600927e+00
3.146125845033801216e+00
3.148125925037001505e+00
3.150126005040201349e+00
3.152126085043401638e+00
3.154126165046601482e+00
3.156126245049801771e+00
3.158126325053002059e+00
3.160126405056201904e+00
3.162126485059402192e+00
3.164126565062602481e+00
3.166126645065802325e+00
3.168126725069002614e+00
3.170126805072202902e+00
3.172126885075402747e+00
3.174126965078603035e+00
3.176127045081802880e+00
3.178127125085003168e+00
3.180127205088203457e+00
3.182127285091403301e+00
3.184127365094603590e+00
3.186127445097803879e+00
3.188127525101003723e+00
3.190127605104204012e+00
3.192127685107404300e+00
3.194127765110604145e+00
3.196127845113804433e+00
3.198127925117004278e+00
3.200128005120204566e+00
3.202128085123404855e+00
3.204128165126604699e+00
3.206128245129804988e+00
3.208128325133005276e+00
3.210128405136205121e+00
3.212128485139405409e+00
3.214128565142605698e+00
3.216128645145805542e+00
3.218128725149005831e+00
3.220128805152205675e+00
3.222128885155405964e+00
3.224128965158606253e+00
3.226129045161806097e+00
3.228129125165006386e+00
3.230129205168206674e+00
3.232129285171406519e+00
3.234129365174606807e+00
3.236129445177807096e+00
3.238129525181006940e+00
3.240129605184207229e+00
3.242129685187407073e+00
3.244129765190607362e+00
3.246129845193807650e+00
3.248129925197007495e+00
3.250130005200207783e+00
3.252130085203408072e+00
3.254130165206607916e+00
3.256130245209808205e+00
3.258130325213008494e+00
3.260130405216208338e+00
3.262130485219408627e+00
3.264130565222608915e+00
3.266130645225808760e+00
3.268130725229009048e+00
3.270130805232208893e+00
3.272130885235409181e+00
3.274130965238609470e+00
3.276131045241809314e+00
3.278131125245009603e+00
3.280131205248209891e+00
3.282131285251409736e+00
3.284131365254610024e+00
3.286131445257810313e+00
3.288131525261010157e+00
3.290131605264210446e+00
3.292131685267410290e+00
3.294131765270610579e+00
3.296131845273810868e+00
3.298131925277010712e+00
3.300132005280211001e+00
3.302132085283411289e+00
3.304132165286611134e+00
3.306132245289811422e+00
3.308132325293011711e+00
3.310132405296211555e+00
3.312132485299411844e+00
3.314132565302611688e+00
3.316132645305811977e+00
3.318132725309012265e+00
3.320132805312212110e+00
3.322132885315412398e+00
3.324132965318612687e+00
3.326133045321812531e+00
3.328133125325012820e+00
3.330133205328213108e+00
3.332133285331412953e+00
3.334133365334613242e+00
3.336133445337813086e+00
3.338133525341013375e+00
3.340133605344213663e+00
3.342133685347413508e+00
3.344133765350613796e+00
3.346133845353814085e+00
3.348133925357013929e+00
3.350134005360214218e+00
3.352134085363414506e+00
3.354134165366614351e+00
3.356134245369814639e+00
3.358134325373014928e+00
3.360134405376214772e+00
3.362134485379415061e+00
3.364134565382614905e+00
3.366134645385815194e+00
3.368134725389015482e+00
3.370134805392215327e+00
3.372134885395415616e+00
3.374134965398615904e+00
3.376135045401815749e+00
3.378135125405016037e+00
3.380135205408216326e+00
3.382135285411416170e+00
3.384135365414616459e+00
3.386135445417816303e+00
3.388135525421016592e+00
3.390135605424216880e+00
3.392135685427416725e+00
3.394135765430617013e+00
3.396135845433817302e+00
3.398135925437017146e+00
3.400136005440217435e+00
3.402136085443417723e+00
3.404136165446617568e+00
3.406136245449817856e+00
3.408136325453017701e+00
3.410136405456217989e+00
3.412136485459418278e+00
3.414136565462618123e+00
3.416136645465818411e+00
3.418136725469018700e+00
3.420136805472218544e+00
3.422136885475418833e+00
3.424136965478619121e+00
3.426137045481818966e+00
3.428137125485019254e+00
3.430137205488219099e+00
3.432137285491419387e+00
3.434137365494619676e+00
3.436137445497819520e+00
3.438137525501019809e+00
3.440137605504220097e+00
3.442137685507419942e+00
3.444137765510620230e+00
3.446137845513820519e+00
3.448137925517020363e+00
3.450138005520220652e+00
3.452138085523420941e+00
3.454138165526620785e+00
3.456138245529821074e+00
3.458138325533020918e+00
3.460138405536221207e+00
3.462138485539421495e+00
3.464138565542621340e+00
3.466138645545821628e+00
3.468138725549021917e+00
3.470138805552221761e+00
3.472138885555422050e+00
3.474138965558622338e+00
3.476139045561822183e+00
3.478139125565022471e+00
3.480139205568222316e+00
3.482139285571422604e+00
3.484139365574622893e+00
3.486139445577822737e+00
3.488139525581023026e+00
3.490139605584223315e+00
3.492139685587423159e+00
3.494139765590623448e+00
3.496139845593823736e+00
3.498139925597023581e+00
3.500140005600223869e+00
3.502140085603423714e+00
3.504140165606624002e+00
3.506140245609824291e+00
3.508140325613024135e+00
3.510140405616224424e+00
3.512140485619424712e+00
3.514140565622624557e+00
3.516140645625824845e+00
3.518140725629025134e+00
3.520140805632224978e+00
3.522140885635425267e+00
3.524140965638625111e+00
3.526141045641825400e+00
3.528141125645025689e+00
3.530141205648225533e+00
3.532141285651425822e+00
3.534141365654626110e+00
3.536141445657825955e+00
3.538141525661026243e+00
3.540141605664226532e+00
3.542141685667426376e+00
3.544141765670626665e+00
3.546141845673826509e+00
3.548141925677026798e+00
3.550142005680227086e+00
3.552142085683426931e+00
3.554142165686627219e+00
3.556142245689827508e+00
3.558142325693027352e+00
3.560142405696227641e+00
3.562142485699427930e+00
3.564142565702627774e+00
3.566142645705828063e+00
3.568142725709028351e+00
3.570142805712228196e+00
3.572142885715428484e+00
3.574142965718628329e+00
3.576143045721828617e+00
3.578143125725028906e+00
3.580143205728228750e+00
3.582143285731429039e+00
3.584143365734629327e+00
3.586143445737829172e+00
3.588143525741029460e+00
3.590143605744229749e+00
3.592143685747429593e+00
3.594143765750629882e+00
3.596143845753829726e+00
3.598143925757030015e+00
3.600144005760230304e+00
3.602144085763430148e+00
3.604144165766630437e+00
3.606144245769830725e+00
3.608144325773030570e+00
3.610144405776230858e+00
3.612144485779431147e+00
3.614144565782630991e+00
3.616144645785831280e+00
3.618144725789031124e+00
3.620144805792231413e+00
3.622144885795431701e+00
3.624144965798631546e+00
3.626145045801831834e+00
3.628145125805032123e+00
3.630145205808231967e+00
3.632145285811432256e+00
3.634145365814632544e+00
3.636145445817832389e+00
3.638145525821032678e+00
3.640145605824232522e+00
3.642145685827432811e+00
3.644145765830633099e+00
3.646145845833832944e+00
3.648145925837033232e+00
3.650146005840233521e+00
3.652146085843433365e+00
3.654146165846633654e+00
3.656146245849833942e+00
3.658146325853033787e+00
3.660146405856234075e+00
3.662146485859434364e+00
3.664146565862634208e+00
3.666146645865834497e+00
3.668146725869034341e+00
3.670146805872234630e+00
3.672146885875434918e+00
3.674146965878634763e+00
3.676147045881835052e+00
3.678147125885035340e+00
3.680147205888235185e+00
3.682147285891435473e+00
3.684147365894635762e+00
3.686147445897835606e+00
3.688147525901035895e+00
3.690147605904235739e+00
3.692147685907436028e+00
3.694147765910636316e+00
3.696147845913836161e+00
3.698147925917036449e+00
3.700148005920236738e+00
3.702148085923436582e+00
3.704148165926636871e+00
3.706148245929837159e+00
3.708148325933037004e+00
3.710148405936237292e+00
3.712148485939437137e+00
3.714148565942637426e+00
3.716148645945837714e+00
3.718148725949037559e+00
3.720148805952237847e+00
3.722148885955438136e+00
3.724148965958637980e+00
3.726149045961838269e+00
3.728149125965038557e+00
3.730149205968238402e+00
3.732149285971438690e+00
3.734149365974638535e+00
3.736149445977838823e+00
3.738149525981039112e+00
3.740149605984238956e+00
3.742149685987439245e+00
3.744149765990639533e+00
3.746149845993839378e+00
3.748149925997039666e+00
3.750150006000239955e+00
3.752150086003439799e+00
3.754150166006640088e+00
3.756150246009840377e+00
3.758150326013040221e+00
3.760150406016240510e+00
3.762150486019440354e+00
3.764150566022640643e+00
3.766150646025840931e+00
3.768150726029040776e+00
3.770150806032241064e+00
3.772150886035441353e+00
3.774150966038641197e+00
3.776151046041841486e+00
3.778151126045041774e+00
3.780151206048241619e+00
3.782151286051441907e+00
3.784151366054641752e+00
3.786151446057842040e+00
3.788151526061042329e+00
3.790151606064242173e+00
3.792151686067442462e+00
3.794151766070642751e+00
3.796151846073842595e+00
3.798151926077042884e+00
3.800152006080243172e+00
3.802152086083443017e+00
3.804152166086643305e+00
3.806152246089843150e+00
3.808152326093043438e+00
3.810152406096243727e+00
3.812152486099443571e+00
3.814152566102643860e+00
3.816152646105844148e+00
3.818152726109043993e+00
3.820152806112244281e+00
3.822152886115444570e+00
3.824152966118644414e+00
3.826153046121844703e+00
3.828153126125044547e+00
3.830153206128244836e+00
3.832153286131445125e+00
3.834153366134644969e+00
3.836153446137845258e+00
3.838153526141045546e+00
3.840153606144245391e+00
3.842153686147445679e+00
3.844153766150645968e+00
3.846153846153845812e+00
3.848153926157046101e+00
3.850154006160246389e+00
3.852154086163446234e+00
3.854154166166646522e+00
3.856154246169846367e+00
3.858154326173046655e+00
3.860154406176246944e+00
3.862154486179446788e+00
3.864154566182647077e+00
3.866154646185847366e+00
3.868154726189047210e+00
3.870154806192247499e+00
3.872154886195447787e+00
3.874154966198647632e+00
3.876155046201847920e+00
3.878155126205047765e+00
3.880155206208248053e+00
3.882155286211448342e+00
3.884155366214648186e+00
3.886155446217848475e+00
3.888155526221048763e+00
3.890155606224248608e+00
3.892155686227448896e+00
3.894155766230649185e+00
3.896155846233849029e+00
3.898155926237049318e+00
3.900156006240249162e+00
3.902156086243449451e+00
3.904156166246649740e+00
3.906156246249849584e+00
3.908156326253049873e+00
3.910156406256250161e+00
3.912156486259450006e+00
3.914156566262650294e+00
3.916156646265850583e+00
3.918156726269050427e+00
3.920156806272250716e+00
3.922156886275450560e+00
3.924156966278650849e+00
3.926157046281851137e+00
3.928157126285050982e+00
3.930157206288251270e+00
3.932157286291451559e+00
3.934157366294651403e+00
3.936157446297851692e+00
3.938157526301051981e+00
3.940157606304251825e+00
3.942157686307452114e+00
3.944157766310651958e+00
3.946157846313852247e+00
3.948157926317052535e+00
3.950158006320252380e+00
3.952158086323452668e+00
3.954158166326652957e+00
3.956158246329852801e+00
3.958158326333053090e+00
3.960158406336253378e+00
3.962158486339453223e+00
3.964158566342653511e+00
3.966158646345853800e+00
3.968158726349053644e+00
3.970158806352253933e+00
3.972158886355453777e+00
3.974158966358654066e+00
3.976159046361854355e+00
3.978159126365054199e+00
3.980159206368254488e+00
3.982159286371454776e+00
3.984159366374654621e+00
3.986159446377854909e+00
3.988159526381055198e+00
3.990159606384255042e+00
3.992159686387455331e+00
3.994159766390655175e+00
3.996159846393855464e+00
3.998159926397055752e+00
4.000160006400255597e+00
4.002160086403455885e+00
4.004160166406656174e+00
4.006160246409856462e+00
4.008160326413055863e+00
4.010160406416256151e+00
4.012160486419456440e+00
4.014160566422656728e+00
4.016160646425857017e+00
4.018160726429057306e+00
4.020160806432256706e+00
4.022160886435456995e+00
4.024160966438657283e+00
4.026161046441857572e+00
4.028161126445057860e+00
4.030161206448257261e+00
4.032161286451457549e+00
4.034161366454657838e+00
4.036161446457858126e+00
4.038161526461058415e+00
4.040161606464258703e+00
4.042161686467458104e+00
4.044161766470658392e+00
4.046161846473858681e+00
4.048161926477058969e+00
4.050162006480259258e+00
4.052162086483458658e+00
4.054162166486658947e+00
4.056162246489859236e+00
4.058162326493059524e+00
4.060162406496259813e+00
4.062162486499460101e+00
4.064162566502659502e+00
4.066162646505859790e+00
4.068162726509060079e+00
4.070162806512260367e+00
4.072162886515460656e+00
4.074162966518660056e+00
4.076163046521860345e+00
4.078163126525060633e+00
4.080163206528260922e+00
4.082163286531461210e+00
4.084163366534661499e+00
4.086163446537860899e+00
4.088163526541061188e+00
4.090163606544261476e+00
4.092163686547461765e+00
4.094163766550662054e+00
4.096163846553862342e+00
4.098163926557061743e+00
4.100164006560262031e+00
4.102164086563462320e+00
4.104164166566662608e+00
4.106164246569862897e+00
4.108164326573062297e+00
4.110164406576262586e+00
4.112164486579462874e+00
4.114164566582663163e+00
4.116164646585863451e+00
4.118164726589063740e+00
4.120164806592263140e+00
4.122164886595463429e+00
4.124164966598663717e+00
4.126165046601864006e+00
4.128165126605064295e+00
4.130165206608263695e+00
4.132165286611463983e+00
4.134165366614664272e+00
4.136165446617864561e+00
4.138165526621064849e+00
4.140165606624265138e+00
4.142165686627464538e+00
4.144165766630664827e+00
4.146165846633865115e+00
4.148165926637065404e+00
4.150166006640265692e+00
4.152166086643465093e+00
4.154166166646665381e+00
4.156166246649865670e+00
4.158166326653065958e+00
4.160166406656266247e+00
4.162166486659466536e+00
4.164166566662665936e+00
4.166166646665866224e+00
4.168166726669066513e+00
4.170166806672266802e+00
4.172166886675467090e+00
4.174166966678666491e+00
4.176167046681866779e+00
4.178167126685067068e+00
4.180167206688267356e+00
4.182167286691467645e+00
4.184167366694667933e+00
4.186167446697867334e+00
4.188167526701067622e+00
4.190167606704267911e+00
4.192167686707468199e+00
4.194167766710668488e+00
4.196167846713867888e+00
4.198167926717068177e+00
4.200168006720268465e+00
4.202168086723468754e+00
4.204168166726669043e+00
4.206168246729869331e+00
4.208168326733068731e+00
4.210168406736269020e+00
4.212168486739469309e+00
4.214168566742669597e+00
4.216168646745869886e+00
4.218168726749069286e+00
4.220168806752269575e+00
4.222168886755469863e+00
4.224168966758670152e+00
4.226169046761870440e+00
4.228169126765070729e+00
4.230169206768270129e+00
4.232169286771470418e+00
4.234169366774670706e+00
4.236169446777870995e+00
4.238169526781071283e+00
4.240169606784270684e+00
4.242169686787470972e+00
4.244169766790671261e+00
4.246169846793871550e+00
4.248169926797071838e+00
4.250170006800272127e+00
4.252170086803471527e+00
4.254170166806671816e+00
4.256170246809872104e+00
4.258170326813072393e+00
4.260170406816272681e+00
4.262170486819472082e+00
4.264170566822672370e+00
4.266170646825872659e+00
4.268170726829072947e+00
4.270170806832273236e+00
4.272170886835473524e+00
4.274170966838672925e+00
4.276171046841873213e+00
4.278171126845073502e+00
4.280171206848273791e+00
4.282171286851474079e+00
4.284171366854673479e+00
4.286171446857873768e+00
4.288171526861074057e+00
4.290171606864274345e+00
4.292171686867474634e+00
4.294171766870674922e+00
4.296171846873874323e+00
4.298171926877074611e+00
4.300172006880274900e+00
4.302172086883475188e+00
4.304172166886675477e+00
4.306172246889875765e+00
4.308172326893075166e+00
4.310172406896275454e+00
4.312172486899475743e+00
4.314172566902676031e+00
4.316172646905876320e+00
4.318172726909075720e+00
4.320172806912276009e+00
4.322172886915476298e+00
4.324172966918676586e+00
4.326173046921876875e+00
4.328173126925077163e+00
4.330173206928276564e+00
4.332173286931476852e+00
4.334173366934677141e+00
4.336173446937877429e+00
4.338173526941077718e+00
4.340173606944277118e+00
4.342173686947477407e+00
4.344173766950677695e+00
4.346173846953877984e+00
4.348173926957078272e+00
4.350174006960278561e+00
4.352174086963477961e+00
4.354174166966678250e+00
4.356174246969878538e+00
4.358174326973078827e+00
4.360174406976279116e+00
4.362174486979478516e+00
4.364174566982678805e+00
4.366174646985879093e+00
4.368174726989079382e+00
4.370174806992279670e+00
4.372174886995479959e+00
4.374174966998679359e+00
4.376175047001879648e+00
4.378175127005079936e+00
4.380175207008280225e+00
4.382175287011480513e+00
4.384175367014679914e+00
4.386175447017880202e+00
4.388175527021080491e+00
4.390175607024280779e+00
4.392175687027481068e+00
4.394175767030681357e+00
4.396175847033880757e+00
4.398175927037081046e+00
4.400176007040281334e+00
4.402176087043481623e+00
4.404176167046681911e+00
4.406176247049881312e+00
4.408176327053081600e+00
4.410176407056281889e+00
4.412176487059482177e+00
4.414176567062682466e+00
4.416176647065882754e+00
4.418176727069082155e+00
4.420176807072282443e+00
4.422176887075482732e+00
4.424176967078683020e+00
4.426177047081883309e+00
4.428177127085082709e+00
4.430177207088282998e+00
4.432177287091483286e+00
4.434177367094683575e+00
4.436177447097883864e+00
4.438177527101084152e+00
4.440177607104283553e+00
4.442177687107483841e+00
4.444177767110684130e+00
4.446177847113884418e+00
4.448177927117084707e+00
4.450178007120284107e+00
4.452178087123484396e+00
4.454178167126684684e+00
4.456178247129884973e+00
4.458178327133085261e+00
4.460178407136285550e+00
4.462178487139484950e+00
4.464178567142685239e+00
4.466178647145885527e+00
4.468178727149085816e+00
4.470178807152286105e+00
4.472178887155485505e+00
4.474178967158685793e+00
4.476179047161886082e+00
4.478179127165086371e+00
4.480179207168286659e+00
4.482179287171486948e+00
4.484179367174686348e+00
4.486179447177886637e+00
4.488179527181086925e+00
4.490179607184287214e+00
4.492179687187487502e+00
4.494179767190686903e+00
4.496179847193887191e+00
4.498179927197087480e+00
4.500180007200287768e+00
4.502180087203488057e+00
4.504180167206688346e+00
4.506180247209887746e+00
4.508180327213088034e+00
4.510180407216288323e+00
4.512180487219488612e+00
4.514180567222688900e+00
4.516180647225889189e+00
4.518180727229088589e+00
4.520180807232288878e+00
4.522180887235489166e+00
4.524180967238689455e+00
4.526181047241889743e+00
4.528181127245089144e+00
4.530181207248289432e+00
4.532181287251489721e+00
4.534181367254690009e+00
4.536181447257890298e+00
4.538181527261090586e+00
4.540181607264289987e+00
4.542181687267490275e+00
4.544181767270690564e+00
4.546181847273890853e+00
4.548181927277091141e+00
4.550182007280290541e+00
4.552182087283490830e+00
4.554182167286691119e+00
4.556182247289891407e+00
4.558182327293091696e+00
4.560182407296291984e+00
4.562182487299491385e+00
4.564182567302691673e+00
4.566182647305891962e+00
4.568182727309092250e+00
4.570182807312292539e+00
4.572182887315491939e+00
4.574182967318692228e+00
4.576183047321892516e+00
4.578183127325092805e+00
4.580183207328293093e+00
4.582183287331493382e+00
4.584183367334692782e+00
4.586183447337893071e+00
4.588183527341093360e+00
4.590183607344293648e+00
4.592183687347493937e+00
4.594183767350693337e+00
4.596183847353893626e+00
4.598183927357093914e+00
4.600184007360294203e+00
4.602184087363494491e+00
4.604184167366694780e+00
4.606184247369894180e+00
4.608184327373094469e+00
4.610184407376294757e+00
4.612184487379495046e+00
4.614184567382695334e+00
4.616184647385894735e+00
4.618184727389095023e+00
4.620184807392295312e+00
4.622184887395495601e+00
4.624184967398695889e+00
4.626185047401896178e+00
4.628185127405095578e+00
4.630185207408295867e+00
4.632185287411496155e+00
4.634185367414696444e+00
4.636185447417896732e+00
4.638185527421096133e+00
4.640185607424296421e+00
4.642185687427496710e+00
4.644185767430696998e+00
4.646185847433897287e+00
4.648185927437097575e+00
4.650186007440296976e+00
4.652186087443497264e+00
4.654186167446697553e+00
4.656186247449897841e+00
4.658186327453098130e+00
4.660186407456297530e+00
4.662186487459497819e+00
4.664186567462698108e+00
4.666186647465898396e+00
4.668186727469098685e+00
4.670186807472298973e+00
4.672186887475498374e+00
4.674186967478698662e+00
4.676187047481898951e+00
4.678187127485099239e+00
4.680187207488299528e+00
4.682187287491498928e+00
4.684187367494699217e+00
4.686187447497899505e+00
4.688187527501099794e+00
4.690187607504300082e+00
4.692187687507500371e+00
4.694187767510699771e+00
4.696187847513900060e+00
4.698187927517100348e+00
4.700188007520300637e+00
4.702188087523500926e+00
4.704188167526701214e+00
4.706188247529900615e+00
4.708188327533100903e+00
4.710188407536301192e+00
4.712188487539501480e+00
4.714188567542701769e+00
4.716188647545901169e+00
4.718188727549101458e+00
4.720188807552301746e+00
4.722188887555502035e+00
4.724188967558702323e+00
4.726189047561902612e+00
4.728189127565102012e+00
4.730189207568302301e+00
4.732189287571502589e+00
4.734189367574702878e+00
4.736189447577903167e+00
4.738189527581102567e+00
4.740189607584302856e+00
4.742189687587503144e+00
4.744189767590703433e+00
4.746189847593903721e+00
4.748189927597104010e+00
4.750190007600303410e+00
4.752190087603503699e+00
4.754190167606703987e+00
4.756190247609904276e+00
4.758190327613104564e+00
4.760190407616303965e+00
4.762190487619504253e+00
4.764190567622704542e+00
4.766190647625904830e+00
4.768190727629105119e+00
4.770190807632305408e+00
4.772190887635504808e+00
4.774190967638705096e+00
4.776191047641905385e+00
4.778191127645105674e+00
4.780191207648305962e+00
4.782191287651505363e+00
4.784191367654705651e+00
4.786191447657905940e+00
4.788191527661106228e+00
4.790191607664306517e+00
4.792191687667506805e+00
4.794191767670706206e+00
4.796191847673906494e+00
4.798191927677106783e+00
4.800192007680307071e+00
4.802192087683507360e+00
4.804192167686706760e+00
4.806192247689907049e+00
4.808192327693107337e+00
4.810192407696307626e+00
4.812192487699507915e+00
4.814192567702708203e+00
4.816192647705907603e+00
4.818192727709107892e+00
4.820192807712308181e+00
4.822192887715508469e+00
4.824192967718708758e+00
4.826193047721908158e+00
4.828193127725108447e+00
4.830193207728308735e+00
4.832193287731509024e+00
4.834193367734709312e+00
4.836193447737909601e+00
4.838193527741109001e+00
4.840193607744309290e+00
4.842193687747509578e+00
4.844193767750709867e+00
4.846193847753910156e+00
4.848193927757109556e+00
4.850194007760309844e+00
4.852194087763510133e+00
4.854194167766710422e+00
4.856194247769910710e+00
4.858194327773110999e+00
4.860194407776310399e+00
4.862194487779510688e+00
4.864194567782710976e+00
4.866194647785911265e+00
4.868194727789111553e+00
4.870194807792310954e+00
4.872194887795511242e+00
4.874194967798711531e+00
4.876195047801911819e+00
4.878195127805112108e+00
4.880195207808312396e+00
4.882195287811511797e+00
4.884195367814712085e+00
4.886195447817912374e+00
4.888195527821112663e+00
4.890195607824312951e+00
4.892195687827512351e+00
4.894195767830712640e+00
4.896195847833912929e+00
4.898195927837113217e+00
4.900196007840313506e+00
4.902196087843513794e+00
4.904196167846713195e+00
4.906196247849913483e+00
4.908196327853113772e+00
4.910196407856314060e+00
4.912196487859514349e+00
4.914196567862714637e+00
4.916196647865914038e+00
4.918196727869114326e+00
4.920196807872314615e+00
4.922196887875514903e+00
4.924196967878715192e+00
4.926197047881914592e+00
4.928197127885114881e+00
4.930197207888315170e+00
4.932197287891515458e+00
4.934197367894715747e+00
4.936197447897916035e+00
4.938197527901115436e+00
4.940197607904315724e+00
4.942197687907516013e+00
4.944197767910716301e+00
4.946197847913916590e+00
4.948197927917115990e+00
4.950198007920316279e+00
4.952198087923516567e+00
4.954198167926716856e+00
4.956198247929917144e+00
4.958198327933117433e+00
4.960198407936316833e+00
4.962198487939517122e+00
4.964198567942717411e+00
4.966198647945917699e+00
4.968198727949117988e+00
4.970198807952317388e+00
4.972198887955517677e+00
4.974198967958717965e+00
4.976199047961918254e+00
4.978199127965118542e+00
4.980199207968318831e+00
4.982199287971518231e+00
4.984199367974718520e+00
4.986199447977918808e+00
4.988199527981119097e+00
4.990199607984319385e+00
4.992199687987518786e+00
4.994199767990719074e+00
4.996199847993919363e+00
4.998199927997119651e+00
