angle	angular_velocity	angular_acceleration
5.522507415441857415e-01	7.615118396243699683e-01	-2.966055724339207167e+00
4.778105318020567371e-01	4.531505646600221815e-01	-4.548766255166987627e+00
4.560139091935929700e-01	1.173621373541261281e+00	-2.971481885983313642e+00
4.478170774772778917e-01	8.769043588576681536e-01	-5.459237857391235238e+00
6.632259247910969879e-01	2.683072285589597206e-01	-6.289825399898262503e+00
5.226836971749099225e-01	3.349412058730247277e-01	-6.177182620862778251e+00
4.495656015283590046e-01	2.436284114865526207e-01	-2.233999004435073044e+00
3.861619794339106737e-01	6.419468466590532163e-01	-5.458717639240550312e+00
5.938717928755916642e-01	-3.656193328466091907e-01	-4.979512840182053424e+00
4.419516206690231597e-01	5.700258868080141372e-01	-5.721806315913810614e+00
5.531276629478586448e-01	4.071337058815135412e-01	-4.872315402804892059e+00
6.182411069154225558e-01	-3.342238317141813519e-01	-4.969373653207125763e+00
4.709904824058182005e-01	4.539527111022401140e-01	-4.373312784156537347e+00
6.650597500234768367e-01	4.601267729905555437e-01	-4.610331922995369425e+00
5.612839875004150825e-01	2.523015032171571081e-01	-5.127676981219337904e+00
6.104782309650617078e-01	-6.119620932766467458e-02	-4.321660727156281467e+00
5.015417689892921471e-01	1.315054063387150196e-01	-4.733484889541441198e+00
4.723753540571952181e-01	4.345527152442899554e-01	-4.064546256651066614e+00
5.357524915771368912e-01	-5.573782941191254281e-01	-4.195561966507677099e+00
3.718505705589689736e-01	-1.290302602018411626e-01	-4.239654304116490025e+00
3.770531524771236209e-01	-5.096020571614903183e-01	-3.945942119704713313e+00
5.684583146544552879e-01	-7.868446567982473328e-02	-3.988565720077764887e+00
3.240063464097019397e-01	-3.034706733216321339e-01	-6.097348582130661221e+00
5.573369717417625546e-01	4.030334905068754248e-01	-3.939296227837858044e+00
6.084734251735587351e-01	2.413114645662871594e-01	-4.660478381606877107e+00
7.552060320338226385e-01	-1.671633992703295823e-01	-4.293124490000737481e+00
3.610679045960306643e-01	-7.544104227128750617e-02	-5.010949005970137371e+00
6.865063450406724277e-01	3.114567314349634408e-01	-4.726246959714027085e+00
5.465470389719137012e-01	-3.261488183556628950e-01	-6.766450439455958588e+00
6.038951685743422226e-01	1.569822199613586378e-01	-5.096320996578125317e+00
5.469141405487220053e-01	-1.173516644491249122e-01	-3.975006733430175743e+00
4.442086766214848326e-01	-4.863512537344001352e-01	-3.987272571886827155e+00
4.154913885129488671e-01	-1.935179657610948678e-01	-4.773390530815512456e+00
5.599886804970664045e-01	-3.805928430596458023e-01	-5.612353830258641096e+00
4.214218442127251607e-01	-8.044260198984446442e-01	-4.648809651251459840e+00
6.003105898196625656e-01	-1.014163755805319866e-01	-3.867478187959829228e+00
5.772968004699519096e-01	-5.018824586122767606e-01	-4.554312151074932480e+00
5.846531053076394757e-01	-4.885402174872851555e-01	-3.958319063051795705e+00
4.605200391384102754e-01	-5.492375755850227304e-01	-2.838206073429155651e+00
5.458484915544633553e-01	-1.349170734297465146e-01	-7.076720750872157240e+00
5.406596184409456773e-01	-3.534516597407774685e-01	-5.017564771890879349e+00
4.019595165192125785e-01	-7.622176884185964951e-01	-4.450634077595716498e+00
5.581368589668183056e-01	-4.135490834107824476e-02	-4.995305452748051600e+00
5.752756847060707113e-01	-4.745273449037865632e-01	-5.380940893519336576e+00
7.361607833046308613e-01	-5.953063667990806662e-01	-5.961632154542538586e+00
6.043470789702081181e-01	-5.751675424114434110e-01	-6.223231857955410007e+00
4.099746965777060215e-01	-1.145623204947829432e+00	-6.174620767793476794e+00
5.503797212974868014e-01	-1.222182774678751915e+00	-5.713857894667176751e+00
3.971066374763931317e-01	-6.577908118249087277e-01	-5.644012579121534756e+00
4.419518079050712145e-01	-8.800978475930849587e-01	-3.980899602392706349e+00
3.410553381814691032e-01	-6.517375363679337452e-01	-5.419267211481606950e+00
4.191938242562815997e-01	-6.132172825761824653e-01	-3.314805939866939610e+00
3.689548906168536591e-01	-8.390886179928163102e-01	-6.446523805126989082e+00
3.314228383587043969e-01	-1.206852956805248844e+00	-4.656098674231653689e+00
6.104021277967472958e-01	-1.039025422302360724e+00	-4.922054167666883195e+00
5.034019919988136360e-01	-8.352371944758328892e-01	-4.772442915866586866e+00
4.626270723134121576e-01	-1.143143890494456416e+00	-4.242042954011986389e+00
2.411274242265664114e-01	-1.059038613320226307e+00	-3.819415728855295900e+00
4.202613015123836115e-01	-7.628187209922175915e-01	-4.225833174373353707e+00
3.648416275746314552e-01	-5.006365888386024032e-01	-4.977400858044375376e+00
3.459990158197724375e-01	-1.432070525572583630e+00	-4.676916109037032143e+00
4.409150321273914153e-01	-1.336874249830601435e+00	-4.509543847061530997e+00
4.009424574857498036e-01	-1.304606951272659909e+00	-4.906175599558545208e+00
4.212175394221582270e-01	-7.995395437503848290e-01	-4.752802410381789855e+00
4.242788118434149269e-01	-1.406006839206966230e+00	-4.868315664620375571e+00
2.813205299079226673e-01	-1.193976849700767673e+00	-3.192677957961364665e+00
4.026275422844755036e-01	-1.901950632522420248e+00	-3.674937186876479522e+00
3.832215512522474943e-01	-9.387117509994981068e-01	-5.137132959472420879e+00
3.068792689465016932e-01	-1.323357192835224572e+00	-4.361808159540327523e+00
4.123669649079845789e-01	-1.664092840292157316e+00	-3.625257099917849057e+00
4.151555965876213561e-01	-1.463387776712528288e+00	-2.889535861778931736e+00
2.713934546858517427e-01	-1.180781030360922079e+00	-4.226406197637594175e+00
4.257955757243007677e-01	-1.107328595301942276e+00	-3.848040081022131798e+00
3.231814764921875360e-01	-1.143189643580709181e+00	-3.678749296765528420e+00
3.621006152110355369e-01	-1.560935958130795997e+00	-2.805243218296161523e+00
2.728520437586465230e-01	-1.347396630090417657e+00	-3.331366291413896175e+00
2.592030964722600306e-01	-1.243477983328738823e+00	-4.618418487064795741e+00
3.572369635022106249e-01	-8.400596915677238652e-01	-3.611664158421397985e+00
2.407087027102228771e-01	-1.422910908825253173e+00	-3.053118108273417342e+00
2.795797554919157157e-01	-1.634285831273479817e+00	-3.025238403571952617e+00
1.548504278553785862e-01	-9.641012431073222588e-01	-1.560830494456825646e+00
3.816533990673985355e-01	-1.182789215967827490e+00	-1.112473487792380755e+00
3.844760358160884683e-01	-1.645242210261212090e+00	-2.489037960856583798e+00
2.242944599374835368e-01	-5.641216989402841886e-01	-2.471293576336896614e+00
5.131430660639819674e-01	-1.588087672377535009e+00	-2.063405137380257770e+00
4.336032935306822766e-01	-1.347570553015422723e+00	-1.914183596738619375e+00
1.583587800231738563e-01	-1.413581279070751151e+00	-2.187033033519210967e+00
2.837507778932890634e-01	-1.332403639910806792e+00	-2.367068616664486758e+00
3.094182049943950963e-01	-1.248289568549359352e+00	-5.067006807621199371e-01
3.324576370597098207e-01	-9.096438948509907307e-01	-1.846219206273355340e+00
2.483516935098377953e-01	-1.354458081814359227e+00	-3.281101266650129133e+00
1.644109537082149852e-01	-1.751545792161328885e+00	-2.258939436946748813e+00
4.473006104698507013e-01	-1.032571475112022741e+00	-2.962722560656440685e+00
2.101331849217702719e-01	-1.446356965394548943e+00	-2.953568462061890276e+00
1.971393482759661586e-01	-1.799574784520517667e+00	-5.184490425194705487e-01
1.925162946286699261e-01	-1.573373866814942623e+00	-1.671287919911775610e+00
1.978442040403774471e-01	-1.225782978208398433e+00	-2.961380151517493786e+00
5.422512600568196728e-02	-1.641236116240620158e+00	-4.559417759970758155e+00
1.954834138808640709e-01	-1.866304282502974976e+00	-3.231277619766441678e+00
2.454498609515405050e-01	-1.503406470488942936e+00	-2.139028731433490371e+00
2.785799675040856460e-01	-1.252992654195085986e+00	-1.496933911302056330e+00
1.222589251389940290e-01	-1.516368802686097084e+00	-1.202701580504894840e+00
1.942570222139244351e-01	-1.795101856091060544e+00	-8.598281994128108563e-01
2.375340976384073544e-01	-1.987017040431849901e+00	-3.378036444434808772e-01
-2.531007452654135403e-02	-1.577102095936449899e+00	-1.652737744211448367e+00
-4.737103781448859241e-02	-1.799039887759795953e+00	-1.189346049083028545e+00
2.018202637366554031e-01	-1.429385054310615466e+00	-1.412401100564310230e+00
1.317534813086542744e-01	-1.492586705048147167e+00	-1.844325233339339398e+00
2.067678141299517103e-01	-1.605195630828056830e+00	-1.936955648308691158e+00
2.709391479538030001e-02	-1.609582308735848288e+00	-7.415114716206859802e-01
1.120655386591091346e-01	-1.270274731714061911e+00	-2.494567280372687712e+00
5.164063211848192447e-02	-1.671515796216297645e+00	-1.257921785582108543e+00
1.174362990575272964e-01	-1.318763106089146486e+00	-5.973463599273175495e-01
3.599317870536064556e-02	-1.566652798060091722e+00	-1.380670176349247713e+00
7.280360763104647137e-02	-1.659880515122145628e+00	-3.976990785869079503e-01
-1.698003213358189045e-01	-1.171682736685921933e+00	-8.504119049839016231e-01
9.031616199705523595e-02	-1.982388474502847275e+00	1.597850246945094366e+00
7.272004036194605614e-02	-1.961744709135639031e+00	-1.981568909741693307e-01
4.602610599994287621e-02	-2.115389465682853576e+00	-4.741021319813144563e-01
-2.327279008625105991e-02	-1.714980421206588446e+00	-6.673369611957580272e-03
1.018789420183392191e-01	-1.651167131478962435e+00	5.058979329093591382e-01
2.115410754584550190e-01	-1.783864972060792420e+00	-4.157647033952811544e-01
7.481329687708097864e-02	-1.722785734234302923e+00	1.760191190753569224e+00
1.143347110459346470e-02	-1.493847029131128545e+00	1.288299977678135866e+00
-9.344975842413454081e-02	-1.181922249950063897e+00	-1.455061830508934673e+00
-7.220911933498426472e-02	-1.491804655298016424e+00	-1.895103425300946665e+00
-2.045988293430115457e-01	-2.122494656192413398e+00	-4.785746784615270144e-01
-2.087670869212951419e-01	-1.439243890169241924e+00	1.146107629072034451e+00
-7.812608735273557370e-02	-1.153085147618382766e+00	6.900121546721680321e-01
-7.959787256034518699e-02	-2.145532501931703528e+00	1.331733749632946218e+00
1.354946130385560610e-01	-1.236178749992820292e+00	1.040104514561019489e+00
-6.085130659433062028e-02	-1.145390798501520813e+00	1.785198106687875486e+00
-1.354877776897653874e-01	-9.920950476025514053e-01	1.434052925222223385e-01
-7.199061139136592180e-02	-1.307598047922704954e+00	1.423372928978396068e+00
3.986959421867747322e-02	-1.768815176311536508e+00	-4.615758228417889963e-01
-1.810312150256788433e-01	-2.089295252566213179e+00	4.717370839982631403e-01
-3.127250737514521151e-02	-1.560420361124976507e+00	1.609129974855718626e-01
-4.013537730733650333e-02	-1.984977687211766151e+00	2.145422589431263738e+00
-1.610310135170991419e-01	-1.170170412808403393e+00	9.874612919278881185e-01
-1.635142701464949166e-01	-2.139888677845410037e+00	-9.797136419688157183e-02
-1.937991527682725867e-01	-2.364606898902477550e+00	1.655906393031799206e+00
-8.289093881313254475e-02	-1.354381857267673350e+00	5.203721678452475352e-01
-1.322318368011568546e-01	-1.279744591297833356e+00	2.037792175260573657e+00
-4.612281323506176034e-02	-1.224599517283810890e+00	1.035370285235766019e+00
-1.375169681027526014e-01	-1.798333982940418130e+00	6.274168253071816803e-01
-1.969210694642709591e-01	-1.592310249047306447e+00	3.355126315781442603e-01
-1.645944249063350240e-01	-2.071905504495070272e+00	3.103806950129109676e+00
-1.430655508074303861e-01	-1.925177962358156858e+00	3.485309051436898287e+00
-3.939625846813889498e-01	-1.157802660830775876e+00	8.400130215856940197e-01
-2.841466816949181906e-01	-1.308849687997570399e+00	1.102151763970045106e+00
-3.123583562168846806e-01	-1.623219554193722880e+00	2.725837314842307624e+00
5.428181519654248777e-02	-1.519696711168011971e+00	2.863699340636367552e-01
-2.905094895772338814e-01	-1.012526578949766165e+00	2.214562242161930428e+00
-3.112005607826947018e-01	-1.837738449870515600e+00	1.444632537540068817e+00
-1.699984353980310281e-01	-1.118274014433541463e+00	2.275479830730526398e+00
-4.167831748374316581e-01	-1.599844051725980876e+00	3.582544477213717382e+00
-2.400110587552480024e-01	-1.510212827367688027e+00	2.318731584695125303e+00
-1.520479560093011551e-01	-1.651274921504420901e+00	3.564516037772570645e+00
-2.275155625059130937e-01	-1.797490327226447748e+00	2.627631564662150421e+00
-1.688282411040945563e-01	-1.162386355156638684e+00	3.540925660439520062e+00
-1.877480317714939062e-01	-2.207987241002844492e+00	3.768330674160808247e+00
-3.257385518796489521e-01	-1.312649249891416625e+00	3.911399172687174186e+00
-3.195697705878441930e-01	-1.463915753582156976e+00	4.465226286877526540e+00
-4.628064024342729565e-01	-1.345695113404442145e+00	1.678284094944836324e+00
-3.675012081489861249e-01	-1.089735047936752244e+00	1.600522867018452811e+00
-1.666752012932689320e-01	-1.312140436378246733e+00	2.929110226152564778e+00
-4.673848140574833887e-01	-1.183940501903288478e+00	3.768090160222296703e+00
-3.076397495680039396e-01	-9.974349187694064867e-01	1.615219584760676508e+00
-3.437198646999088947e-01	-1.677124126223892508e+00	3.748788434259257230e+00
-2.928721454917276867e-01	-1.435562453208364619e+00	4.078138221237963101e+00
-4.162993758653770193e-01	-1.216290471006182150e+00	2.897545173113584838e+00
-4.167787213335910068e-01	-1.717838836156060367e+00	1.498637435925910033e+00
-3.412995696681688229e-01	-1.437070042927726110e+00	3.973865235085582537e+00
-4.092473606106559192e-01	-1.164014973284227317e+00	3.180572966383580003e+00
-3.928076241124531243e-01	-1.171973578347455192e+00	2.432808733447455740e+00
-1.910600624581671181e-01	-9.628891515295572301e-01	2.544764704400751754e+00
-1.195692364041635036e-01	-1.409564169029896341e+00	4.981679559244824418e+00
-1.965815844964186321e-01	-1.937450752748968608e+00	5.076501583876840584e+00
-3.098972922465330071e-01	-1.039624741086487614e+00	2.919410326270727829e+00
-3.332361710639550334e-01	-1.257768834028975435e+00	4.381180804497319947e+00
-3.678679209202575517e-01	-1.011375832780945005e+00	5.406156173941540466e+00
-4.068419096344871311e-01	-1.328238762676048346e+00	4.307652524683023287e+00
-4.490816985213773593e-01	-7.353179917484173878e-01	2.886702980741617353e+00
-3.922343798802863102e-01	-1.023495689361792582e+00	4.462423263275163698e+00
-3.134266354484938066e-01	-1.013956130527191135e+00	4.514080402787119084e+00
-5.912713824019030229e-01	-8.796739673854221397e-01	3.489659877821410738e+00
-4.940219046162009353e-01	-7.762009812710639611e-01	3.589674522092910713e+00
-4.929038127646880318e-01	-7.830516659395552193e-01	4.800982112928098289e+00
-5.791381347783449707e-01	-2.408071013367691915e-01	4.479097678923228187e+00
-5.612872188613228230e-01	-6.471412945245234027e-01	5.391361467714355982e+00
-4.782546966793571608e-01	-9.801181399767704416e-01	3.533091534276022294e+00
-3.393961173293287281e-01	-6.177619986168816357e-01	3.928965099570144837e+00
-3.932588377711302985e-01	-1.653886275448899212e+00	3.519185559564254717e+00
-3.132107918041968642e-01	-5.215749847136392781e-01	3.751453604986620949e+00
-4.549473455845265968e-01	8.491471622070279057e-02	4.331164133991790344e+00
-6.708007022055627599e-01	-6.842429655326565108e-01	5.042069031483579877e+00
-3.928744088212502428e-01	-1.110096470574344352e+00	3.927926610107121519e+00
-6.007745803796039619e-01	-8.102077556685134407e-01	3.768933420920323574e+00
-4.602777719876501306e-01	1.738659170201098947e-01	4.048090504976856963e+00
-5.149293916584740671e-01	-4.952716615468408801e-01	6.146303572785734914e+00
-3.412048074384365082e-01	-5.250913491518973686e-01	4.914679297051359086e+00
-4.499473237590468910e-01	-2.903258342127015279e-01	4.656204612286615863e+00
-3.555754502622024971e-01	-8.073693481703188013e-01	3.096711245427608450e+00
-4.760374409981251720e-01	-5.315268699777653261e-01	4.318746176812682691e+00
-4.444413487169274202e-01	-4.570464686245256369e-01	5.134065302195435443e+00
-4.560080564514621404e-01	-1.589266642206502711e-01	6.255650792950348205e+00
-5.313287165841510395e-01	-4.855657021356362124e-01	2.876714860110665128e+00
-3.409125471116254413e-01	-2.135241387659281564e-01	6.531596513514662306e+00
-3.314587157023113351e-01	2.200058210085484856e-01	5.162197516236071593e+00
-4.176329487617566616e-01	1.971987211806153772e-01	4.819129813459935185e+00
-5.782643742779129958e-01	2.321970373315671021e-01	5.258187077166652124e+00
-5.848615862187114267e-01	1.077915395023981704e-01	3.480710781357281292e+00
-4.346659747254421058e-01	-6.340548992547465623e-01	6.063700100861778353e+00
-6.351348763529161001e-01	1.046305052876818076e-01	5.229195695397539367e+00
-5.236787950809043135e-01	2.792416190210369464e-01	2.970375470241477522e+00
-5.719506340483895279e-01	-2.526997022275724314e-01	5.250730892503598035e+00
-5.578328620296408857e-01	-6.206569615531558615e-01	5.536452645918080506e+00
-4.769440740524486522e-01	1.110237090189147846e-04	3.757016365319131523e+00
-5.306152472441801882e-01	-3.912100741205067900e-01	5.059591548705251185e+00
-5.323536723475221777e-01	1.132094702314632162e-01	4.154385288727507231e+00
-4.195364059001922552e-01	-3.100277545192384188e-02	5.223997775533574917e+00
-6.344447374443671350e-01	-6.988547371729886271e-01	4.008504286603868039e+00
-5.455240170737054584e-01	2.916411639929345490e-01	4.685917319024516026e+00
-4.873628969146613366e-01	3.862722486569699631e-01	3.562255529369431795e+00
-4.096263980419877493e-01	-3.391118747397405264e-01	4.881861876542565426e+00
-6.465495767461092447e-01	2.236928437476303974e-02	4.391624636236005408e+00
-4.920774271507802333e-01	-4.104141956720267492e-01	6.618081241291891459e+00
-4.242634461018987002e-01	-2.564747215950803350e-01	5.916625339121782012e+00
-5.566535993804986315e-01	-9.006785685511861650e-02	4.607839998356923594e+00
-5.232639946537137599e-01	3.270811732297930208e-01	4.901071090992393131e+00
-6.286180540561460139e-01	-4.897795145489682866e-01	4.316877412243792733e+00
-4.174105473496582119e-01	-2.342202856238223552e-01	5.055338323921292343e+00
-7.857381948837535157e-01	3.385460178049012336e-01	2.900542936444054476e+00
-2.652348376627866045e-01	2.719180543375563919e-01	4.669107734791342779e+00
-4.409836221887431518e-01	6.184983873313604219e-01	5.742838785456004125e+00
-5.491587560608069962e-01	7.904498099282555312e-01	4.310767845429017697e+00
-4.994048657197444063e-01	2.224187534558429435e-01	4.128531451737202929e+00
-4.179393703526436687e-01	-1.685230459130604985e-01	3.967502405609678817e+00
-5.042691478161828167e-01	9.454580794277572808e-01	3.638858107048736024e+00
-4.673505550214362425e-01	5.173283633553907856e-01	4.453611260142259276e+00
-4.987236262952804422e-01	2.109316125494242744e-02	4.532055532959168964e+00
-5.057173891691193468e-01	6.915751852732447968e-01	3.436409559749412423e+00
-6.388041603113630007e-01	6.107877387306835937e-01	3.643222074637523455e+00
-3.745574872751068485e-01	1.018602728918847067e-01	5.388319522940270723e+00
-6.284712104763369167e-01	7.594206780863383965e-01	6.034016882313245844e+00
-5.148158931549279282e-01	3.263442410121208948e-01	5.122167735645807518e+00
-5.573013413919578607e-01	3.454399726158285944e-01	5.039582911067848059e+00
-3.236143383423492059e-01	3.898486225719062226e-01	6.704530128193084693e+00
-5.331828266634462965e-01	7.794711468120213427e-01	5.920394848502828822e+00
-6.191987129892289055e-01	4.906843815433428735e-01	4.655758001192610074e+00
-4.526751235957936492e-01	2.486885261909840827e-01	6.526936096882698379e+00
-6.116443611540796077e-01	8.429882001893511667e-01	4.993754517002992444e+00
-4.224703289290108743e-01	9.223133540951601317e-01	5.789826715498739063e+00
-6.266048597826618938e-01	6.957941490610827229e-01	4.482618269568607872e+00
-3.596716896956546616e-01	8.372414026946578547e-01	3.185919934035572609e+00
-4.560274212490843526e-01	6.985650921574197980e-01	5.447726725595411601e+00
-4.532416900992830566e-01	3.796866971831512894e-01	4.897443026147625389e+00
-6.035691572428002472e-01	9.305838408311590815e-01	3.282443854934220973e+00
-4.187916849933266406e-01	7.243206855530336385e-01	4.831144799288645153e+00
-4.660954028314387987e-01	4.015042202053171749e-01	4.207106382939573841e+00
-5.218889622966271791e-01	3.558332583582241027e-01	3.507790937557983657e+00
-5.419338280644111494e-01	9.872350307573557471e-01	4.196432598192740393e+00
-4.457589462228424559e-01	9.510432879310564136e-01	2.957629700522415028e+00
-5.767217357548156675e-01	8.350504994571046335e-01	4.862560230008190487e+00
-4.282625398993471499e-01	1.499195969897516800e+00	3.004989650145489133e+00
-6.374191000902771354e-01	4.910011399628410600e-01	2.992728566645596722e+00
-2.638808762047004652e-01	8.695925722907332789e-01	2.981108892147214640e+00
-4.555533346561818075e-01	5.433672903825914613e-01	5.184122819269498805e+00
-3.982926860690871318e-01	1.011881094066479303e+00	4.198784784326418773e+00
-5.663752028976098973e-01	1.203951872610461660e+00	5.232194111729125297e+00
-5.281551437914547842e-01	4.284859094305624172e-01	3.634132191781804799e+00
-6.724231244206189118e-01	9.867336121041355712e-01	3.659532074054506090e+00
-3.961757715410152425e-01	1.783235236549776559e+00	2.359754382135649919e+00
-4.058483608839567047e-01	1.309651018547391077e+00	2.770005334835996980e+00
-4.018788122164860810e-01	1.065219004420564275e+00	4.745625678640476686e+00
-4.001276932383817653e-01	1.290441761102401719e+00	3.055020336987367191e+00
-3.011272131546630648e-01	1.494023431696890780e+00	4.357298864243863257e+00
-3.351993037093326522e-01	1.209549647506536152e+00	4.324008864502275173e+00
-3.124517309047461500e-01	1.217685768934978485e+00	4.052406506626250682e+00
-3.354786930236420828e-01	1.256226657027747606e+00	4.566648176948011617e+00
-4.590163045772619466e-01	1.543710403648565599e+00	4.807815672603430457e+00
-4.223975481824071565e-01	9.339926105465989892e-01	5.016810480883890477e+00
-1.968887236340770286e-01	1.326630856101012723e+00	2.671168917253252673e-01
-2.327391311725738876e-01	1.288704323038901700e+00	4.281518929331793899e+00
-2.673729311068908654e-01	1.580094187793761318e+00	4.156122967493507403e+00
-5.244228766055661906e-01	1.720037657880341131e+00	3.538463661393635995e+00
-2.787414617491229540e-01	1.103364147630673697e+00	2.246289019184699143e+00
-2.747801195301077248e-01	1.524792295454717728e+00	2.548773917499474795e+00
-2.281287673746554279e-01	9.168658650264538412e-01	3.007180102315401449e+00
-3.596588222008958446e-01	8.607982351765697260e-01	2.102548895406218143e+00
-2.518651376024221844e-01	1.331184297227333779e+00	2.053966381009022513e+00
-4.627142867968417894e-01	1.580336411246489492e+00	2.642224555862720425e+00
-2.851348280703718818e-01	1.855306199674971568e+00	8.123286192401131256e-01
-2.016660685131357322e-01	1.733609035456258551e+00	2.389227809783019296e+00
-1.306494449498971644e-01	1.065954705161817007e+00	2.058985448824766529e+00
-1.812160167719264470e-01	1.087605601495873042e+00	3.737633441326788653e+00
-1.662446562880596501e-01	1.275615148665397935e+00	2.203356201776717427e+00
-1.368968850362629053e-01	1.204410423664909580e+00	1.350316210074108625e+00
-2.857578920415019264e-01	1.803020571724989196e+00	3.070507627929029315e+00
-9.332300245154467877e-03	1.674692337249434892e+00	2.205264075107843169e+00
-1.310796459619048004e-01	1.109945953775777427e+00	1.568361809646327210e+00
-2.531809672162184666e-01	1.828651873581364828e+00	2.658677419150929921e+00
-3.180991393778969112e-01	1.329411012224026578e+00	1.355533457216269388e+00
-2.032574903770316410e-01	1.598778592061348203e+00	3.741628234196648251e+00
-5.440906401924128222e-02	1.183021263777931376e+00	4.726901914602494870e-01
-6.068240301565426542e-02	9.597139411014280475e-01	1.344418944962296525e+00
-1.527058717525827114e-01	1.597235789869607459e+00	1.548504601304800055e+00
-3.275516695084995655e-01	1.564060861061646657e+00	2.751046209738433834e+00
-1.549301415685296057e-01	1.464531655633598106e+00	-9.882718624094093407e-01
-9.492234537749616452e-02	1.910249826552054442e+00	-4.719860842140888302e-02
-1.469325180591539992e-01	1.886342942616263230e+00	3.287761796777605827e+00
-8.988253847271206187e-02	1.515350479721908838e+00	2.227507073336447263e+00
-1.228727203196659512e-01	1.603105325897722810e+00	1.222575714212938536e+00
-1.422874768231921494e-01	1.588890045656994543e+00	5.431408227941000311e-01
-2.118420175517912729e-02	1.416992971154040548e+00	2.491000937628949252e+00
-1.004999807271912821e-01	2.092184550272766508e+00	1.354435650167364669e+00
-6.764429839324576088e-02	1.704178747982544317e+00	3.152510811504966703e+00
-7.803284886305952850e-03	2.074651024191415782e+00	1.105383326766642416e+00
-1.854447744467521697e-01	1.744290608941940990e+00	1.250204002913840595e-01
-1.708125871310250121e-01	1.795058833218292627e+00	2.361392217570040808e-01
-7.575249343711905337e-02	1.122331418965720751e+00	5.805150904922690147e-01
-1.486994529037648227e-01	1.392559299894899683e+00	9.721984315076181993e-01
-7.100380770320810497e-02	2.799720024640237614e+00	1.787904780435541685e+00
3.037031574925569966e-01	1.534179911304454080e+00	3.376983249920599284e-01
-1.214691046307530067e-02	1.730657877670114253e+00	1.329160914417715778e-01
9.768356979001271978e-02	1.183591037268017843e+00	1.152221397487351640e+00
4.319706130976191938e-02	1.996836095959208190e+00	-1.453166984393787775e-01
-4.211596760463218181e-02	1.745336589216681444e+00	7.106667084827520409e-01
1.103082870700928565e-02	1.373872253892291617e+00	-7.685969821989808715e-01
6.167403283024839450e-02	1.293522316745117751e+00	1.364113615451124417e+00
8.572447387948955999e-02	1.305171313131570532e+00	3.240751119026303417e+00
1.803122079062309535e-03	1.217578200207977579e+00	-2.044796659631607838e+00
1.795461221961775766e-01	1.787330443702301652e+00	-2.262092200711629530e-02
4.669744520941156857e-02	1.549146259814066173e+00	-8.826824222285782895e-01
3.206491317515818007e-02	9.965622369048386942e-01	-7.147323293154729251e-01
3.137489573805772591e-02	1.754510629667736188e+00	-1.393730335574272505e+00
1.158160238985628532e-01	1.932029780875973435e+00	5.829233984089789988e-01
2.063297256943792957e-01	9.671983506139725240e-01	-1.076160190760720781e+00
1.511383582053549834e-01	1.424073199801726197e+00	-2.397049589290082494e+00
3.013898293210267587e-01	1.405097242414753644e+00	-7.783450024762271768e-01
1.422945159809505811e-01	2.355512694438439691e+00	-1.172366233227740695e+00
8.798867872464898043e-02	1.598183178480982791e+00	-1.343270829917681208e+00
2.377528941368631799e-01	1.459577281078781263e+00	2.577204535796082663e-01
1.196716700042916859e-01	1.219606419035638378e+00	2.136480939561158365e-02
1.910376881157059836e-01	1.653923290828096970e+00	-2.714445731448032806e+00
2.591342072931505647e-01	1.230058225253015891e+00	-1.382839355951091198e+00
1.291884132591857304e-01	1.815548301886881877e+00	-2.278542142433904072e+00
-9.567361965981679983e-03	1.326930872661975958e+00	-1.098091949525751954e+00
1.571918103010188639e-01	1.477341224472906056e+00	2.157108880379667859e-01
2.009350683991972253e-01	1.325188793640292406e+00	-1.571775016282586312e+00
-1.008617499144001395e-01	1.587603205502026382e+00	3.431841703145033229e-02
3.355914039121054571e-01	1.844711743528615555e+00	-8.575325169100400657e-01
3.711520141468771516e-01	2.059688457054693611e+00	5.428060996436476771e-01
1.174349300799702595e-01	1.331711186672224212e+00	-1.115443940570780335e+00
2.181736844934254738e-01	1.813192392855301316e+00	-2.119919287266288421e+00
8.212689050724220063e-02	1.064321499753106526e+00	-9.964256103028137357e-01
8.039228141934545713e-02	1.758100860995735815e+00	-1.834054828437245543e+00
8.229036701944403287e-02	8.538472127599143757e-01	-2.626111699747188055e+00
4.558999491237156199e-02	1.281186271849763525e+00	-1.743525330577585297e+00
1.709142714145538422e-01	1.057657605586170169e+00	-2.734397784474403181e+00
4.571183384728955135e-01	1.175092555395449212e+00	-2.362463286364898440e+00
9.753563331622822075e-02	1.387760537713319975e+00	-1.700968114535468700e+00
2.203452653388836002e-01	1.582005415659963665e+00	-5.573188192222396253e+00
1.843316896073600719e-01	1.837304054996651725e+00	-2.684557019989792792e+00
2.711230054616090568e-01	2.114419489073377179e+00	-2.037695116570970022e+00
3.382019962569875471e-01	1.082444539907596370e+00	-2.679559085091324899e+00
3.729243482851883895e-01	1.506630657770619663e+00	-1.290573835173826733e+00
3.430930991851602885e-01	1.601887344287533432e+00	-2.587958703840816277e+00
2.981109603939028907e-01	1.334750961948087067e+00	-1.584451612786839547e+00
2.100196872016978356e-01	1.713939660980006163e+00	-2.609226362200836036e+00
2.565601160321349661e-01	1.518337389114996272e+00	-1.890476844952037938e+00
2.603308998465032609e-01	2.023554655272903346e+00	-1.915686184754458177e+00
3.230041323315021029e-01	1.361926400121858061e+00	-2.015239609533954646e+00
1.684263813736357196e-01	1.837405361370231471e+00	-3.310923769155487140e+00
2.330899997791083811e-01	1.204155656017531051e+00	-4.117903908347118502e+00
5.022277353675449474e-01	1.371702443589833287e+00	-2.413903088658910789e+00
4.628317722495188802e-01	1.229368141282030535e+00	-5.089997937809775053e+00
3.966451278128310665e-01	8.623308205963082784e-01	-4.234331592903559205e+00
4.303892448270305593e-01	1.220348457061037895e+00	-2.761323625684052985e+00
3.396622171966121040e-01	1.089027408506088923e+00	-3.905916903141214647e+00
4.574693307757621286e-01	1.163229429095992362e+00	-3.908596231058760306e+00
4.367295746828555592e-01	1.411716862107760928e+00	-4.584430308400967213e+00
5.772662074592592729e-01	1.194801848677759848e+00	-4.393606290581242746e+00
3.432236405341318464e-01	7.376245486558354880e-01	-4.470985024495314875e+00
1.972963359218251334e-01	9.145125017601419826e-01	-3.773157357196445183e+00
3.138904803982052738e-01	1.330909576350270962e+00	-2.496387238571219580e+00
2.862642759614815180e-01	1.142151392688069533e+00	-4.283996795180780914e+00
2.624043764255384326e-01	3.888654604353154465e-01	-5.234118617439128762e+00
4.577126547464585027e-01	8.903293674650046841e-01	-4.424770906385000480e+00
3.911284899595163234e-01	5.277356578758942707e-01	-3.556229925792167457e+00
2.480973371544572537e-01	8.528012281547496798e-01	-2.828225706054766864e+00
5.836840598601599206e-01	1.160759822582192902e+00	-2.833270013374139751e+00
4.377200309792905197e-01	4.121411826823987434e-01	-5.002856513803152438e+00
4.572039689788450767e-01	7.496078710498228492e-01	-2.697013749821946860e+00
5.143987662729190280e-01	9.139900999854093655e-01	-3.528375910994727249e+00
4.151646984372301952e-01	1.184171301469734150e+00	-4.657322327184096444e+00
3.577880040060989475e-01	5.919625333960845115e-01	-4.810560639705106389e+00
5.178286187324263601e-01	1.119085507637316956e+00	-5.267814054673895185e+00
5.517998785906924608e-01	2.965168245124837343e-01	-4.520921949348056579e+00
5.838110482887453045e-01	5.236584590622064272e-01	-4.165084952858320477e+00
4.037402495970484617e-01	4.333428914212093530e-01	-2.788796521178512400e+00
5.006142334495313762e-01	6.706466524743318613e-01	-4.151666855763196828e+00
3.123739852321490984e-01	4.131491178387650676e-01	-4.081906461530305563e+00
4.642754916773763063e-01	5.115974135452036053e-01	-4.781326279730046203e+00
4.940418503959534413e-01	4.095308878048631307e-02	-4.402542311892270632e+00
5.100349582097257750e-01	6.283379004865671247e-01	-3.460410648637525455e+00
5.784412599325315929e-01	4.873673337556743146e-01	-4.657463131360608521e+00
7.865604961982308740e-01	1.021770636145179267e+00	-4.612547847090928244e+00
4.257951186055838888e-01	9.183235259881797896e-01	-5.970218954862842153e+00
6.192907554253869185e-01	-8.707489865691203645e-02	-5.352316447086714390e+00
5.905355418160533887e-01	2.664400726440039890e-01	-4.905406575887221621e+00
4.198176163468947397e-01	7.697243350059324030e-01	-5.051507179835914130e+00
5.976436508748950160e-01	9.716937954543830580e-02	-4.220829408445424313e+00
4.488518161100245596e-01	4.629094669148067775e-01	-3.629669281963786354e+00
6.136055002304058315e-01	2.887396567222006993e-01	-4.455102710220288920e+00
4.805828600808921269e-01	-3.783822999153416689e-01	-5.223755244849392909e+00
5.155453299229333375e-01	2.275695559321526673e-01	-4.296262417467291428e+00
3.886172243605738874e-01	8.225438002700909967e-01	-4.113181892925151573e+00
5.528149922920934101e-01	-1.246362129824507559e-02	-5.176512853908505463e+00
5.117689775679732378e-01	-2.747497463652518457e-01	-5.284474702671978719e+00
5.605077349116731611e-01	6.069978957932513630e-01	-4.407911223592327232e+00
6.947608982149552359e-01	8.018070385370823505e-02	-4.264604147809094137e+00
4.656559343914609128e-01	6.845963182898107124e-01	-4.643827330392358732e+00
4.697133048760571139e-01	3.535208355026792093e-01	-6.419485810988418528e+00
7.781737174566815129e-01	3.312284305545385998e-01	-5.185898466498041870e+00
5.824986336621097438e-01	-1.110357823428237967e-01	-6.441044126034162431e+00
5.715089915731815795e-01	-2.165508895569921710e-01	-3.926049345521023248e+00
4.653617119109122457e-01	-3.189036438380133398e-01	-5.954863927847032556e+00
5.432251332699519208e-01	-6.310105857265698726e-01	-6.645256101415233374e+00
6.826863642062196424e-01	4.736423792767065905e-02	-6.357534629813455851e+00
5.074118710520366671e-01	3.459049583879216794e-01	-5.222016768954520494e+00
4.608977067760368085e-01	2.745597855288636202e-01	-5.743300610706258524e+00
4.085181511367339535e-01	-4.733259269854349638e-01	-2.762845361344279826e+00
4.182330468172719695e-01	-2.127971482112173407e-01	-7.598992400158230964e+00
6.283293959577607168e-01	-5.407896735459096771e-01	-6.791162785524852197e+00
7.436059317651849687e-01	1.121615997815158527e-01	-6.383319648184127004e+00
5.030208734034117279e-01	-5.308203298190062869e-01	-2.734544832156654781e+00
6.834054282677509695e-01	-3.221327862394532948e-01	-5.763130443275711556e+00
3.529536137032722731e-01	-3.009187737458423051e-01	-5.478627398591820352e+00
4.502725110130931241e-01	-3.816636836889460982e-01	-5.395815944679689835e+00
7.084344180416659587e-01	1.714833902094153872e-02	-5.665489322511448655e+00
5.669240732266199734e-01	1.373174579418605101e-01	-6.652427817270816668e+00
3.841756393490091126e-01	-9.283282232597498407e-01	-6.087899899334821896e+00
5.420362949370803873e-01	-2.605590161714299580e-01	-5.326361453567041160e+00
4.746108679530636754e-01	-5.931648733783017047e-01	-4.314184393657377825e+00
6.494150356671708479e-01	-5.704380003703961588e-01	-3.675776209236528924e+00
4.364033050476427977e-01	-6.214361302576570933e-01	-5.458853962464014664e+00
5.831712719869674988e-01	-8.966012391310638208e-01	-3.639877014304214065e+00
5.151994185825174988e-01	-3.943036234849051080e-01	-5.073010513370785013e+00
5.126791571025040017e-01	-4.529488220141487664e-01	-4.999472811062113387e+00
4.858081621725367505e-01	-3.487364127979112327e-01	-5.721627794001435952e+00
5.348832940185268559e-01	-5.739889185125596205e-01	-5.796057923932595557e+00
5.398632790964161821e-01	-9.601428505039202310e-01	-4.431785494090819455e+00
6.165382449807788046e-01	-5.140670710536283661e-01	-4.746602030824462304e+00
5.247261000311966850e-01	-3.278364863193702350e-01	-4.709557847298896149e+00
3.708751456421210957e-01	-4.279539067118569018e-01	-5.749104085081988558e+00
3.003825121955867594e-01	-5.438862291381525438e-01	-5.636930289614672240e+00
5.272456282326034582e-01	-1.388561629501933847e+00	-5.889336037721204065e+00
6.581622370136089861e-01	-1.198608119254516158e+00	-4.504609547649846668e+00
5.266975407712065627e-01	-6.109792520291925655e-01	-3.471856879808120411e+00
5.787690554814726163e-01	-4.357485038907049080e-01	-4.349743902918294935e+00
7.915211124093655126e-01	-7.812484333145928161e-01	-3.904315030239720041e+00
4.268068607475374865e-01	-1.357102751609039260e+00	-3.549074193779231834e+00
5.009363876011080352e-01	-1.416317433983320662e-01	-2.452812933743323320e+00
4.987625895613094773e-01	-1.107352480926384608e+00	-3.711392974641666509e+00
5.187116048138712410e-01	-1.171143970058329264e+00	-3.682478418141706733e+00
4.131699744296631893e-01	-8.457532055800839332e-01	-3.445602028557924967e+00
5.002236774118196116e-01	-3.421093680793095837e-01	-4.146023180817623555e+00
5.087467537052446920e-01	-1.372377620284761512e+00	-3.632609876734862020e+00
5.460630713422407467e-01	-1.124529337910681326e+00	-3.623920673852180752e+00
5.374613729799265771e-01	-9.719355322064896496e-01	-3.557150426560438561e+00
4.486573362971335577e-01	-1.335194091202823508e+00	-3.877303303556914216e+00
3.080049914146520962e-01	-8.069985299479702778e-01	-3.319666073824492081e+00
5.726372106619399549e-01	-7.971534957089499995e-01	-3.363672897342491641e+00
3.898155016028186370e-01	-9.699156759314520038e-01	-4.205230383795063531e+00
5.534044355738109155e-01	-1.398623288330673509e+00	-4.093130564218529166e+00
2.943745632028238468e-01	-1.173967770930599341e+00	-4.810279084699930152e+00
3.105946164388916353e-01	-1.629793275285560394e+00	-3.270647871113171234e+00
1.907117817804047377e-01	-6.862119562751191060e-01	-3.180734449191541025e+00
2.268677653186616516e-01	-1.372955767264820492e+00	-3.819775317304544338e+00
2.977902173937069241e-01	-9.822386339699555879e-01	-3.818457741984987219e+00
5.089809879646375324e-01	-1.633515407048720558e+00	-5.180045444500647633e+00
4.482778904820188814e-01	-1.219153954427531827e+00	-3.627044644865682343e+00
3.847951628818457870e-01	-1.316859503883492488e+00	-2.721355385560849882e+00
4.604080452389128775e-01	-1.736531997433092833e+00	-4.210749477147704312e+00
3.982515692484538961e-01	-1.143282425712488060e+00	-4.089589835359356940e+00
3.973833736588963106e-01	-9.047062787482418322e-01	-3.029673659865343094e+00
2.928733207240167835e-01	-1.422060635773176873e+00	-1.483381284864527805e+00
5.094626500459694673e-01	-1.431020851728466825e+00	-3.679424860690915455e+00
3.467318499274348875e-01	-5.704150347805130306e-01	-2.455623087472054156e+00
2.161571168089477524e-01	-8.290854251520985985e-01	-3.608055283365584565e+00
4.624250978146819957e-01	-1.231835567059355485e+00	-2.528985936011237889e+00
3.073373356592999373e-01	-2.131030264240221683e+00	-2.366712833194730248e+00
3.859815679045692227e-01	-1.599327662851875553e+00	-2.420343904958108805e+00
3.987414254663118607e-01	-9.971566420124488017e-01	-2.484847276371169755e+00
3.549328571669131405e-01	-1.704482989621253219e+00	-2.518540880167384088e+00
2.083878338450610435e-01	-1.384629719374750101e+00	-2.283395840698368762e+00
3.555669219406820680e-01	-1.560625607072170462e+00	-2.013944220449454647e+00
2.566491130687066913e-01	-1.329770631362503508e+00	-1.374043852212018635e+00
3.365457744056778444e-01	-1.008144607854331021e+00	-4.505332556609198846e+00
3.038636882161365182e-01	-1.464301868172199539e+00	-1.550851690881516198e+00
1.497897994721524850e-01	-1.809789684098561224e+00	-3.403815564043839892e+00
2.800261221933827982e-01	-1.756573567079752651e+00	-1.593615130267147517e+00
2.564924154983189153e-01	-7.093637704847468584e-01	-2.437337488190359558e+00
2.330434484828111941e-01	-1.993497515409837328e+00	-6.419928920016588769e-01
2.579461850898847608e-01	-7.993046124207073833e-01	-3.696820341147343925e+00
2.495016127019720198e-01	-1.188715966640408794e+00	6.594969143150213320e-01
1.610970430400368303e-01	-1.667208545293063393e+00	-1.752188719333356737e+00
1.099083374677450320e-01	-1.609741804165588208e+00	-6.730294674247983000e-01
2.224629396668581227e-01	-1.508060718226006403e+00	-1.857708510623321096e+00
2.409258799710933818e-03	-1.565533719641334143e+00	-2.624912437769167273e+00
2.177656529753404513e-01	-1.669578316526725725e+00	8.465182918760709718e-01
4.711588212392800457e-02	-1.098214855593798944e+00	-1.200471810214433166e+00
1.030475033998661527e-01	-9.148912725715697691e-01	-3.331499737277808570e+00
1.421698349623307378e-01	-1.783938251813281806e+00	-1.247638766089450790e+00
1.331354166823013607e-02	-1.229939868544130066e+00	-1.322503710007909783e+00
1.615323855484688820e-01	-1.619810354454165768e+00	7.686038631485658801e-01
4.864806713357382184e-02	-1.302860156544584758e+00	-4.468651991701876325e-01
2.366815903583327219e-01	-1.471551171935215008e+00	-1.710793285187694579e+00
-1.378233069312217729e-01	-1.626220351942616160e+00	2.004982233419527748e-02
-1.068694840975060317e-01	-1.603398679416175643e+00	-4.764472985350946543e-01
6.309450534404165145e-02	-1.332284781070818269e+00	1.089302762244992673e+00
1.429953880592632065e-01	-1.131639343884127680e+00	-9.410893088857431588e-01
1.367010844649537704e-01	-1.832951337217067156e+00	-7.461550176222551123e-01
1.324257470499876355e-01	-1.548136079063419102e+00	-1.146496512155184000e+00
-4.035750769149210743e-02	-1.366630979289718661e+00	6.896458562323990460e-01
7.331400089145202748e-02	-1.883362907396630481e+00	-9.038729438802648453e-01
1.467183537473001342e-01	-1.824974532134837624e+00	-1.085875573184660769e+00
2.162007423068305345e-01	-1.216794821708438334e+00	1.404588640212764750e+00
-6.480781445691100040e-02	-1.936519373688584622e+00	-1.477185721610062341e+00
-8.588158189811558041e-02	-1.595367976562531709e+00	-3.347736829349779453e-01
9.135968227076499137e-02	-1.101985667432276994e+00	-1.229936225344950146e-01
-1.303326346425900950e-01	-1.640637556880537362e+00	6.592566959454851938e-01
-1.586183343072982699e-01	-1.417956547435330172e+00	7.766999287109185857e-02
-9.623378451663969213e-02	-1.929725128007277135e+00	1.046542080740233915e+00
-2.375199603967796946e-01	-1.730895894130069612e+00	1.985156260332487266e+00
3.225512306004199581e-02	-1.537228596289247795e+00	-1.039191434159001171e+00
-1.403874984828974715e-02	-8.428240057044957823e-01	2.122291916498906250e+00
-1.623424929225051327e-01	-1.372330098239056939e+00	1.713600248967380058e+00
8.708954606282806599e-02	-1.234884252735615640e+00	9.796940778703275843e-01
-3.086002678263882748e-02	-2.228059323493119415e+00	6.726578834628054171e-01
3.033419870613227043e-02	-1.343172307929278997e+00	2.698586788011773763e+00
-1.737269335405152160e-01	-1.446554869285124667e+00	5.847548055864779659e-01
-3.165529133917208693e-01	-2.219033473084503161e+00	1.544919386809098683e+00
1.019302140156481407e-01	-1.139512720831113768e+00	5.783437159227545754e-01
-1.112066729962361972e-01	-1.678518687644559249e+00	1.689437933139037895e+00
9.948568633549370599e-03	-1.709928801169888324e+00	1.429952593006468042e+00
-1.832907358709496559e-01	-1.571206789286316630e+00	1.242449585526033129e+00
-9.167032897125310109e-02	-1.678079861244649029e+00	3.207485991875406839e+00
-1.743538438504926846e-01	-1.949932079028231513e+00	1.245478570422479780e+00
3.370374196833131331e-02	-1.224217825138421034e+00	7.810170908618982999e-01
-2.062408316857048396e-01	-1.960024243095675800e+00	-3.422467507911310935e-01
-1.002387153873754710e-01	-1.051140811879745840e+00	1.291265413584570698e+00
-8.785698134124138303e-02	-1.230783874200288563e+00	1.070081266552922017e+00
-2.034542822036122522e-01	-8.915332497126006173e-01	4.918798874385320374e+00
-2.193700112656025158e-01	-1.753304190075977820e+00	2.186014890219416085e+00
-1.049679652925997464e-01	-9.903853921812921790e-01	2.629775257577371406e+00
-2.414901568669451382e-01	-8.716525774865697684e-01	2.408726577852797757e+00
-1.493377520966783223e-01	-1.485149687625393344e+00	1.198075818748538079e+00
-3.085875578761640980e-01	-1.399442704303221596e+00	1.841733594098156290e+00
-2.073560548277013083e-01	-1.143542299200321244e+00	2.532019254007399134e+00
-4.208424584172649752e-01	-1.763152540434572035e+00	2.398146239170690031e+00
-2.535203453789406369e-01	-9.873261418637524489e-01	3.225310480675867009e+00
-1.627792335795995859e-01	-1.435379584884081794e+00	7.021374072727162297e-01
-2.848830975135793198e-01	-2.289960335209883180e+00	2.443206452171967413e+00
-8.334950956979686465e-02	-1.604094514021495055e+00	2.928015096717268673e+00
-4.488430034311037264e-01	-1.986977525898881547e+00	2.886645828224082333e+00
-3.080824835987051036e-01	-1.454154400953675763e+00	2.563709389899969437e+00
-2.523108634694122832e-01	-1.051325141579064537e+00	2.399061376855963434e+00
-4.056349636177705720e-01	-1.992622438278669472e+00	2.786292819913362973e+00
-3.546087046348096461e-01	-1.198459773580663246e+00	2.720520241783777937e+00
-3.575757712157683899e-01	-1.551782343249306528e+00	2.274858973675028206e+00
-3.660543107218819370e-01	-1.104912735048452443e+00	2.636846409563091242e+00
-3.490620276324773452e-01	-8.915447489883615573e-01	3.632604557984331350e+00
-3.901550633501043031e-01	-6.429789333976516641e-01	3.270365262065968448e+00
-4.251613076566155280e-01	-1.287667199629353609e+00	2.202929513530986760e+00
-5.711899586850559540e-01	-9.039701133813203837e-01	1.841351218223833852e+00
-3.945064904881133150e-01	-8.646057370079869298e-01	3.488927821723855072e+00
-3.331913814860357204e-01	-1.089858770131581611e+00	2.674042557803755216e+00
5.893268029215653625e-02	-9.738026239998566203e-01	4.242142321768741731e+00
-3.648103316478891189e-01	-1.634359481595001107e+00	3.784092189688510466e+00
-2.869245452773881988e-01	-7.813152394923340571e-01	4.985042920384703535e+00
-4.279630559471396811e-01	-1.528587866827218145e+00	2.996245031337857689e+00
-1.828700097945210046e-01	-1.410715425515377985e+00	2.445438119007583566e+00
-4.585366441785890257e-01	-1.257046693575021079e+00	2.214901528382406504e+00
-3.618856123751231779e-01	-1.138283275246077864e+00	1.686761756621754316e+00
-3.023967092029343773e-01	-8.995015283148055651e-01	4.427649730912424531e+00
-2.442231690475077655e-01	-6.658074226374792737e-01	3.974446554296552581e+00
-2.995222386428746386e-01	-1.081670269080212465e+00	2.886243320603059992e+00
-5.302034762524034939e-01	-7.189869675546297634e-01	3.849355057065441788e+00
-2.876355386414474746e-01	-7.621577956147083110e-01	3.424771950801699383e+00
-2.356116056188168884e-01	-7.625080771451495654e-01	5.823564797534261928e+00
-5.109788899049767519e-01	-8.883134240369990886e-01	4.940698056682000683e+00
-4.561990686297258124e-01	-7.453110801507983885e-01	4.266771684855037883e+00
-6.347464543209104804e-01	-1.042123119916153806e+00	2.273049930983614964e+00
-4.269851500556682833e-01	-1.125352909598125617e+00	2.638041176201404880e+00
-4.147513766199969476e-01	-7.308547911344973613e-01	3.488975519975818340e+00
-5.478240914202846534e-01	-1.261781230208011584e+00	4.403438395824585072e+00
-2.915243460261673913e-01	-1.143655538122803073e-01	5.308142417044892092e+00
-4.469847460432544439e-01	-1.629395419868869821e+00	4.895840171882862357e+00
-6.598120927977642047e-01	-8.151410989851120004e-01	6.308270723794143109e+00
-6.034883253897178612e-01	-1.220592424450968494e+00	2.076307508059845652e+00
-4.766265157089010773e-01	-9.188123252324152945e-01	6.406107861046439922e+00
-3.612078010627913227e-01	-1.152111832376611744e+00	5.083828790412874277e+00
-3.477289172571652043e-01	-3.379724177909182448e-02	4.299057074602744777e+00
-5.182955538173387167e-01	-1.165282480424960632e-01	4.437928914945086234e+00
-7.425056425630506274e-01	-7.504021836981379368e-01	5.926527302935451047e+00
-4.369561076181474601e-01	-4.301909199010350293e-01	5.691878660377052590e+00
-4.228718166039418525e-01	-2.750829103669786835e-01	5.554855942054188311e+00
-7.056847718994088137e-01	-6.189637813599846439e-01	4.949538628292042830e+00
-6.372041998343787039e-01	-5.749116568011437556e-01	4.207165940139291571e+00
-5.857926042510046560e-01	-4.587182539639443890e-01	6.054572194067735502e+00
-4.649083735153052843e-01	-3.440843358588327461e-01	4.655341770459187956e+00
-4.669915708905507667e-01	-3.574229636868611060e-01	2.377696174458562073e+00
-6.367462975878508402e-01	-2.802808372330465869e-01	4.093284631886135116e+00
-3.142577918824097649e-01	-5.917037947470680237e-01	3.885755804831078297e+00
-3.813817417381594188e-01	-6.272980422105167708e-01	5.530859247387216016e+00
-4.771044567528082148e-01	-4.620873593217659225e-01	5.319968496381807022e+00
-7.028779503313359323e-01	-1.000846340988943983e-01	3.256994955429465932e+00
-3.788547838102955811e-01	-6.468013388482443116e-01	3.475751382956326463e+00
-5.894904838330449204e-01	-8.490375704751770836e-02	3.578838066370228610e+00
-4.786765251054033721e-01	-3.499916687897093315e-01	5.512463501036472202e+00
-6.403497675183030813e-01	-7.354812022571630692e-01	4.521022002277689467e+00
-4.930074192771531916e-01	-9.210744699731102658e-01	4.632925200043583658e+00
-5.715282981162573828e-01	4.878886303115014811e-01	5.131753357522917725e+00
-4.439335596789862337e-01	-1.808405901267049198e-01	5.604362646820328031e+00
-5.320830070130331269e-01	2.187853497601724151e-01	5.260551495412052248e+00
-4.769297619066083516e-01	-6.585782106609627817e-01	7.548248476638768523e+00
-4.351678866982837679e-01	-6.227785936772243236e-01	4.491147343288590221e+00
-4.753858241021413078e-01	-4.842945896922976612e-01	4.704525049660818858e+00
-4.367267212345585237e-01	1.897526848673072863e-03	6.400763546893405653e+00
-6.972391338316108467e-01	2.022270193420232509e-01	4.492385515376159155e+00
-5.896609042904237263e-01	3.796616363258134563e-01	5.792040015765960170e+00
-7.102383029959626892e-01	-1.888887860888358583e-01	4.411050982370727347e+00
-6.254186432404361673e-01	-1.233180737159010332e-01	4.876252916969640694e+00
-6.049351567389232853e-01	-3.586250697454875236e-01	5.474631227295436275e+00
-4.225899040998460365e-01	4.715011523014297490e-01	5.019063268829137670e+00
-3.851514951446897150e-01	-2.572340424426690086e-01	5.936061243388301989e+00
-5.676971226989837582e-01	-1.278753397091748067e-01	5.169687678398487307e+00
-7.217244911692312082e-01	-1.026685709034360072e-01	6.152945919404393393e+00
-5.037192561983606653e-01	2.029138432597362429e-01	7.576663330806470142e+00
-5.935283289085065972e-01	-1.752801683149340928e-03	4.867523061521517924e+00
-3.968110481652343813e-01	5.595802219325731741e-01	5.423483029183793214e+00
-3.327443369036258147e-01	3.414858763284053800e-01	2.675354645345335403e+00
-6.293928286012473450e-01	8.558716256881182538e-01	3.996571512364701650e+00
-6.214701218031593033e-01	-2.124944056450799312e-01	4.802940920903625788e+00
-5.600201933572331869e-01	-4.081367993228252056e-02	6.857827468568826745e+00
-4.945124558929667180e-01	2.954602955572579459e-01	6.064041805255079076e+00
-5.113941987012943224e-01	7.144048420145293621e-02	5.539765954619053190e+00
-4.296530897746155264e-01	6.301684469580536296e-01	4.612577173823112275e+00
-4.454209146963663546e-01	1.035333772945706166e+00	5.704725517443130833e+00
-4.912055617048886602e-01	1.062288146465334204e+00	4.591639699301344635e+00
-5.296173742574662446e-01	3.387762236804050531e-01	5.077152681885878316e+00
-2.980357456868585331e-01	4.981623778101650357e-01	4.927005654639792454e+00
-5.224744501305943478e-01	-2.291435637102907652e-01	3.576306718940981177e+00
-3.546375253396696348e-01	6.729511480738734619e-01	3.913218328530883472e+00
-5.851809320992706898e-01	1.141396577676625723e+00	4.140589937733859749e+00
-3.335864637588360493e-01	9.552798801836520637e-02	4.200239578497058979e+00
-3.395998083163263570e-01	9.225083653775700832e-01	5.357697896826719486e+00
-5.989027881166997247e-01	9.695234031434883937e-01	3.162313990729281876e+00
-4.470285990700928469e-01	5.495026412489472101e-01	3.595090758883420889e+00
-3.677338614092837688e-01	1.868161413058571640e-01	5.541222887931392727e+00
-6.003345356745971584e-01	1.108860243894552289e+00	4.900103139415563192e+00
-4.287180105025670263e-01	9.957952260080883411e-01	5.370499129755448742e+00
-4.482972063107569238e-01	1.406059339355755666e+00	4.545432517143443540e+00
-4.152375630969210030e-01	5.097583825098155330e-01	7.290410176283890209e+00
-3.652826388439458505e-01	9.028602676333794541e-01	4.969484194443516856e+00
-5.986609091827682638e-01	9.343665866274482035e-01	4.283787363833748252e+00
-3.791700855479919752e-01	1.395249427718453283e+00	3.524479205794158077e+00
-2.779997451225030280e-01	1.860956745236128862e+00	2.657210673948083191e+00
-4.996915879393124538e-01	9.778842010951735997e-01	4.789237999620258535e+00
-4.581245489597499665e-01	7.768109513791890963e-01	3.695528598133569709e+00
-5.575655191463332327e-01	1.337423720809257199e+00	3.470735838793348904e+00
-2.262129523944600429e-01	1.170258946495308150e+00	3.139244628830523798e+00
-4.351641087012050879e-01	6.954397911307937941e-01	4.777435436879196473e+00
-5.299724581790253852e-01	8.720593631591062600e-01	3.752191318431842948e+00
-1.896377995030723851e-01	1.501051765361967938e+00	3.659447509127533582e+00
-4.717439534936723744e-01	1.005365007781821030e+00	4.584188198749185261e+00
-5.732458678617016190e-01	1.132915342250851110e+00	2.137126321855862265e+00
-5.479925508984498927e-01	7.487235146411237441e-01	3.159053148237533470e+00
-3.452452894573986297e-01	1.299604557940915450e+00	3.468923276473746320e+00
-6.579628821377250247e-01	6.166179657415382653e-01	2.555451114113182598e+00
-4.571423148205649434e-01	1.749389940881868277e+00	2.726683946299358396e+00
-3.960731106643058941e-01	1.183383475803832185e+00	3.665511077899356263e+00
-4.388683427646607460e-01	1.522682387416920857e+00	3.677165990229487758e+00
-2.573423389115889748e-01	1.419841595988646787e+00	3.048864923344518196e+00
-3.143778179094865455e-01	1.541132881758544348e+00	2.103941172154977224e+00
-2.640413916770955050e-01	1.230190995654883324e+00	2.917216572110604034e+00
-3.362748018888287449e-01	1.350771199291969982e+00	4.802335453136247878e+00
-4.655449580286592504e-01	1.249491727216361481e+00	3.133168247522061023e+00
-3.896175055136360532e-01	9.509054758320342193e-01	3.616698494569282829e+00
-1.171867789437639751e-01	9.475683249916602158e-01	4.561259667234322634e+00
-1.484586514177486383e-01	1.583654144417190768e+00	3.156012295361649844e+00
-4.610634912789646211e-01	1.476927275804205131e+00	1.698817053270144539e+00
-3.236001993909607410e-01	1.278422716131860648e+00	4.819460446858629510e+00
-4.425749341508043999e-01	1.582846161802071716e+00	1.562892637618200187e+00
-3.326193327319387216e-01	1.318534675656391819e+00	3.832331964916486200e+00
-3.483429377583181497e-01	1.100750947519571588e+00	3.817627855916083668e+00
-3.217880723240028051e-01	1.365848597569682354e+00	3.103460539249425665e+00
-7.699706028588307327e-02	1.496382615896766133e+00	4.164328498189605376e+00
-1.494716232760955610e-01	1.331889492040112088e+00	2.794345151112762604e+00
-4.110789941701219474e-01	1.463341963710632632e+00	3.885729643221718987e+00
-1.312583799784108329e-01	1.696417473061889947e+00	1.614175275355116845e+00
-2.025796074964380244e-01	1.619018449295037243e+00	2.656390207061938291e+00
-1.925566420956777436e-01	1.000568166049899510e+00	2.672572118405682318e+00
-3.617162055979329938e-01	1.184769743456644653e+00	1.170543060704308802e+00
-7.344643740191364456e-02	1.593208933594350452e+00	3.209267970528050906e+00
-5.591844586048946852e-02	1.268163116758183051e+00	2.510003491790629759e+00
-1.814615947518789518e-01	1.332113341462749956e+00	7.473117470120640427e-01
-1.758954372909629915e-01	1.312470430517509890e+00	2.552214030736637440e+00
-2.572589734619254997e-01	1.078834239433199116e+00	2.556188324662602263e+00
-1.972195923267948403e-01	1.476060469986343104e+00	1.959990034444034634e+00
-1.617593387153969386e-01	1.260232157105990014e+00	2.287861841982072431e+00
-1.731900074143166157e-01	1.496297130750741333e+00	9.407169134067349114e-01
-2.022513596294198690e-01	2.207473279248612474e+00	2.122626007055948172e+00
-1.330650236312734547e-01	1.773212472891199321e+00	1.173117849315532091e+00
6.800739529171878628e-02	1.522514243344118112e+00	2.917648610407024279e+00
-2.837854264367234425e-01	1.852191480518957878e+00	1.651188984834624174e+00
-2.751046889313137067e-02	1.303830400813230428e+00	4.646774173772740824e-01
-1.144328542714015406e-02	1.891719387716954470e+00	1.972959493909052453e+00
-2.108247150463082309e-01	1.423002623753196527e+00	2.179382821380144719e+00
-1.994312803984103766e-01	1.400782779346569473e+00	8.443609548126456144e-01
-1.047082486198911699e-01	1.437184606135237797e+00	1.228111292691702827e+00
-2.303595033658910329e-02	1.700117024300774604e+00	6.257357136910557394e-03
-2.367317034734947867e-01	1.729957701463632480e+00	2.082063581633685878e+00
-1.840079742586460121e-01	1.565913264474404931e+00	1.115361544831053875e-01
-1.351427807843152973e-02	1.700758224370132021e+00	-3.483682276287335178e+00
-4.012861557180331940e-02	1.855103140121767247e+00	6.957459958929086419e-01
-1.123933530841787765e-01	1.907214629153722640e+00	1.678951729606037668e+00
-1.692183209799226762e-01	1.554482519118576045e+00	8.604717950664924064e-01
-1.000712518618399050e-03	1.566805582072599012e+00	2.054950279044855055e+00
2.494518752915890480e-03	1.112126968447058495e+00	1.871328560949827580e-01
-6.556065442302469459e-02	1.450615811790188614e+00	6.877788571975675946e-01
-1.518756991381525479e-01	1.273614197391447878e+00	-1.182829035398435424e+00
9.686930001616984864e-02	2.122090119851101520e+00	2.209317756777988695e+00
4.381296910185220397e-03	2.325486188665625065e+00	4.521888349714786592e-01
-1.129142339196675532e-01	1.259217838189257144e+00	1.723244124997076465e-01
-7.647895964395601265e-02	1.482280612950783283e+00	1.168301650153987237e-01
7.723084210472078159e-02	2.220141706579713325e+00	2.219627111123601892e+00
-3.890630190765752977e-03	1.397952911028864875e+00	-6.921277925114969198e-01
1.494243661204325280e-01	1.649776496573204687e+00	-1.115392219115882710e+00
7.784719339243328928e-02	1.669427399645847965e+00	-1.872265304605537750e+00
-9.745729700280342245e-02	1.881138279200639474e+00	1.705615534542756606e+00
4.504169992508907233e-02	1.730096148688198499e+00	-1.559780233613604850e+00
1.744795516683433356e-01	1.477014506224298085e+00	-7.651588886900817510e-01
1.391074994105103158e-01	1.474968271349598403e+00	-1.752589113681235489e+00
1.761017132273576258e-01	1.060937512362202018e+00	-7.585362707713467767e-01
8.102138183524283666e-02	1.605748118587614570e+00	2.585963700878941562e-01
2.667479429739816332e-02	1.878412946646490944e+00	-2.756123675420678598e+00
9.072943373933485545e-02	1.402917009721003971e+00	-2.002503004728002356e+00
5.612825639783513426e-02	1.168745636800541554e+00	9.779316120574810256e-02
-8.144030650578140684e-02	1.638160270707221366e+00	-1.162291502756077621e+00
1.674387811125346848e-01	1.506659121345234942e+00	-2.497278877198644942e+00
1.432600680446254049e-01	1.911871625490175974e+00	-1.374038026754395903e+00
2.546067205867640348e-01	1.490257782115947283e+00	-4.289360170839000563e-01
2.066031067937588173e-01	9.761506101994961160e-01	-2.460809257366411984e+00
1.489275886384726078e-01	1.201573491502663460e+00	-4.897556840931671651e-01
1.145259068589195295e-01	1.681467738196622985e+00	-1.374841243189156348e+00
2.417581384948544743e-01	1.463817310235401514e+00	-1.238823266676965851e+00
1.534596447899742866e-01	1.545402342953794861e+00	-2.570844303217649340e+00
4.921505003712361992e-02	9.353383801600694269e-01	-1.148423208198565248e+00
2.568288084616415778e-01	2.275688095282611734e+00	-1.183643591878725587e+00
1.057243273875642930e-01	1.674456812447799203e+00	-3.528676229416661592e+00
2.906973814313451587e-02	1.573245966030948129e+00	-3.492205728963412970e+00
1.829922581981070773e-01	1.540925528307766301e+00	-1.771936065309166253e+00
3.556274980267117858e-01	1.714269445039918294e+00	-4.789097719414883159e-01
2.183232090996369279e-01	1.266860323962346158e+00	-2.111333456448982737e+00
2.050049950789843978e-01	1.441989460308841675e+00	-3.789715393362650175e+00
1.893408825195715406e-01	7.604055689691624487e-01	-3.244234274646987437e+00
3.481635017243715491e-01	1.983331098958288852e+00	-2.212784482477408332e+00
2.128622662349968775e-01	1.001874520494742127e+00	-2.140812567487025309e+00
2.590857237114047584e-01	1.574685865251783001e+00	-1.273024847031402507e+00
2.343413102155138539e-01	1.585032562795354316e+00	-3.620103323272696016e+00
2.120678730385023580e-01	2.012015504424382595e+00	-1.880927166978364706e+00
1.491993640309200175e-01	1.074817216203276971e+00	-2.788481216515234173e+00
4.274924260688166555e-01	9.376353552482152853e-01	-2.380931086635348137e+00
3.404495361982532997e-01	1.408183120579053593e+00	-3.140142865546677875e+00
3.716520084376465638e-01	1.249377910639940525e+00	-3.846783833108421646e+00
3.945709277596163855e-01	1.098586722776442093e+00	-4.740978884859582188e+00
4.334235152595435348e-01	1.257729007842208313e+00	-4.002411229380435920e+00
2.758522248046144654e-01	8.557269800924967029e-01	-3.106297635175726324e+00
3.066892775917014480e-01	8.918711273294432917e-01	-3.201604853402249873e+00
1.978189968777721297e-01	1.612713503825774275e+00	-3.679426006433252461e+00
3.430807917748521230e-01	1.026419374967452391e+00	-3.798435342364282263e+00
5.538904100959237686e-01	1.286942737653800961e+00	-2.511417187833437481e+00
3.291960308419842329e-01	9.016344512530037880e-01	-1.947149729104744598e+00
4.410110180154663273e-01	6.993529138275305090e-01	-1.690720798430351834e+00
4.169189986598602071e-01	5.948547472709987405e-01	-4.873604972612858077e+00
4.215661516549185084e-01	5.037673343411224192e-01	-3.356509815913724548e+00
4.832921559523027932e-01	1.196505686443113170e+00	-5.094442127746225957e+00
4.468333717622585688e-01	1.159096877588553287e+00	-3.748730898157586644e+00
3.336478816461490027e-01	1.243925123235779306e+00	-4.031911965864249936e+00
3.262369260571658658e-01	1.239152404500039717e+00	-3.192784141501909367e+00
4.465384109229540988e-01	1.397540479114342649e+00	-2.734981576926929669e+00
3.716038629365481238e-01	1.209633127987506329e+00	-3.833151893300538404e+00
4.384847430930395307e-01	6.744036246759905762e-01	-3.805845776142765757e+00
5.665106612580489420e-01	1.562646445530795791e+00	-3.425195653522143502e+00
2.089032268418952176e-01	1.318846531952315715e+00	-3.600560184897767080e+00
2.548795193691917871e-01	7.003974081526436191e-01	-3.902240149691193594e+00
4.401045941841865705e-01	6.805181118677873231e-01	-3.987295248794283431e+00
3.507157330789758554e-01	7.991447820063251051e-01	-2.415203335277162466e+00
5.082160745610738717e-01	1.259609159815592960e+00	-4.696891126448274001e+00
4.524904645020023097e-01	1.055722445238379104e+00	-3.337425578082964694e+00
3.933111723934024639e-01	1.366864479753007400e+00	-3.176111732222989481e+00
6.865059779449870225e-01	2.151333380268944939e-01	-3.976338036049753999e+00
4.286731127681314146e-01	8.219180908790465478e-01	-5.441820956806047604e+00
5.566449204636512160e-01	1.048012717762711432e+00	-6.637595203818854372e+00
5.702692497812243966e-01	6.610606202186641855e-01	-4.367748118042445782e+00
4.947450019033791668e-01	1.178960107995223883e+00	-4.580169673757988669e+00
4.330034881067300057e-01	3.823554228238741914e-01	-4.729600954484644681e+00
4.023815374648238574e-01	1.501860201005088324e+00	-4.992172790333899712e+00
5.049652004546801853e-01	4.246472543085667573e-01	-5.573178595234836052e+00
5.652652872864660782e-01	4.930567062589783500e-01	-4.786813999832845390e+00
4.228159972885127127e-01	7.265575082548836328e-01	-4.167605414891028204e+00
5.524554106786493390e-01	4.325459027850093729e-01	-5.639790768241171648e+00
5.069642816413302278e-01	5.647894622489211258e-01	-6.036713438993317027e+00
5.643811195073469289e-01	-2.010908974443771369e-01	-5.477572337451589668e+00
4.766726724268136595e-01	6.211141719054368293e-01	-5.292456749586438747e+00
3.871297967467405288e-01	3.963203437387531336e-01	-2.808528031618081400e+00
3.964517648187309007e-01	6.415818742544401321e-01	-3.522647179395383077e+00
3.493842242225521089e-01	5.386956265577874658e-01	-4.550796869389117205e+00
5.348432710575498072e-01	4.825277816105368323e-01	-5.064803590994996441e+00
6.317747843289203136e-01	2.894591069249859983e-01	-4.918674959779824718e+00
4.738502845420726750e-01	2.731404048849196409e-01	-4.148434436226878574e+00
4.508451640775803515e-01	5.897698825753998619e-01	-4.234288557767708738e+00
4.011159168279502252e-01	3.648334766622278735e-01	-5.717129326465540728e+00
4.922588626240458898e-01	2.710727897530117447e-01	-4.389159179369783281e+00
4.783359948113669047e-01	4.521185123361040614e-01	-3.929895732660090957e+00
5.855063706432943604e-01	2.267161180401519316e-01	-4.574798736120111897e+00
2.447759988047418234e-01	1.688729249122022935e-01	-4.565787033818276441e+00
5.161395125183286803e-01	2.437546414356284441e-01	-3.668167408629927628e+00
5.005143887693470628e-01	9.483813552234551802e-02	-5.559536206318029805e+00
5.254434906762373014e-01	-3.505684200278159635e-01	-5.066833018564841140e+00
6.082143623005498156e-01	1.639616549899908238e-01	-4.248508345416476040e+00
3.629122704743058536e-01	3.559526894990953233e-02	-5.627490413803037050e+00
5.772776519285461871e-01	-2.278321115788489171e-01	-5.592963501869637533e+00
5.551029230330088993e-01	3.650417941232216301e-01	-4.306513614653342259e+00
5.637617799508177763e-01	-4.651961628806507987e-01	-5.214438661935004049e+00
5.675845573321588455e-01	-3.466705134418499035e-01	-5.235556978974507558e+00
4.736654183141303931e-01	8.578566936882758842e-02	-4.391767400913703767e+00
5.512150591924015464e-01	-3.337774046698577246e-01	-4.893616950890089967e+00
4.593331598058032483e-01	-1.911120875059159063e-01	-5.772832612110114781e+00
4.977618841326162946e-01	-7.306646897881499125e-01	-4.497749850727994492e+00
5.828473482013052376e-01	4.766944264736819314e-02	-3.919574202875375057e+00
2.717625660415405320e-01	-4.412107776262957914e-01	-4.154536523823466609e+00
5.772112627273624508e-01	1.835542868917192094e-02	-5.569186942456576972e+00
3.562958734273985462e-01	-6.064674710126853885e-01	-5.544872175956029992e+00
3.963684885753638865e-01	-6.971714486536505495e-01	-4.237394464007543604e+00
3.254608118618190216e-01	-4.380692175357892570e-01	-4.184807699731539543e+00
3.555447090811957311e-01	-4.147358358196102657e-01	-5.357489414784154746e+00
6.295211137014918856e-01	-6.048246564956303306e-01	-5.540080676856297792e+00
6.237360931031752376e-01	-4.969581796527358653e-01	-5.174095037316957857e+00
6.180501390277191032e-01	-3.894397703971487212e-01	-5.739148781725335269e+00
5.631966648894677352e-01	-3.728999472540202031e-01	-4.158704779478842539e+00
4.954292387008982224e-01	-4.171567507498917249e-01	-4.111203526113831330e+00
4.966069388315673128e-01	-7.776125319524226365e-01	-4.280878036054327040e+00
7.252631000169447173e-01	-5.635359372748058870e-01	-5.511455422687864036e+00
5.241470449291751876e-01	-2.705529012804168687e-01	-4.703833817113215687e+00
5.538462473117552465e-01	-7.661067863787902610e-01	-6.017347016483907574e+00
3.371559747845940813e-01	-7.679277250469001004e-01	-3.002960491127314668e+00
4.505851779568073590e-01	-6.067059249529865861e-01	-7.114372361254430288e+00
3.242853408400756532e-01	-4.766185236933132008e-01	-4.322462174209119823e+00
4.941456071821789808e-01	-9.406913104680845183e-01	-5.007064058035250120e+00
5.922896060745764801e-01	-9.547325028024360449e-01	-4.473501366349251107e+00
4.812627278607968795e-01	2.980239215726029345e-01	-5.078165307429607367e+00
5.891306735000365613e-01	-3.557557881631405738e-01	-6.330806498212275812e+00
5.484461190302197808e-01	-8.443454638013720981e-01	-3.759944350854291351e+00
4.054023881001343477e-01	-5.632392471020993829e-01	-3.892974850369248507e+00
5.687459359214870336e-01	-7.795342009822352480e-01	-3.675124513691542472e+00
4.689311529635831199e-01	1.236416481223523434e-03	-3.827233248720881331e+00
2.480697670623967788e-01	-1.052314003508912243e+00	-5.153018028258541605e+00
5.336683006113090988e-01	-5.161273805340842458e-01	-3.094521611666579464e+00
4.866900745921264870e-01	-7.464015319386507752e-01	-3.066426293333084807e+00
6.709237504253847684e-01	-6.603371504893795763e-01	-4.020134219324887681e+00
2.627421594556945128e-01	-4.548421972819695625e-01	-3.062452873426958266e+00
5.096364031254030369e-01	-7.574910247433621624e-01	-5.229355804324218759e+00
4.537751207572776613e-01	-8.863581978960254348e-01	-3.279093987901711138e+00
3.901718630897668127e-01	-1.218262771821311263e+00	-5.507278288261533206e+00
4.822285397025383169e-01	-1.216961199522928139e+00	-3.903650628601074590e+00
2.805224299959614420e-01	-9.097008783093152307e-01	-3.561299833018771732e+00
4.697407752258334623e-01	-6.750899428579841821e-01	-2.825102017559049994e+00
5.026224062490233235e-01	-1.681926203621364690e+00	-3.409033960289100662e+00
3.381897159624632776e-01	-6.806129724060003827e-01	-3.975310755318486766e+00
4.674081970054833612e-01	-1.034612314995698279e+00	-4.694871106807106287e+00
5.422031892864057623e-01	-8.786571206859075112e-01	-3.435882831177825114e+00
2.736295106473974892e-01	-8.486155869203075852e-01	-3.682201858937331984e+00
2.000012992928834610e-01	-1.313463686018754517e+00	-3.661663840780139623e+00
4.550495869659996195e-01	-8.354816401333073905e-01	-2.260617189073425237e+00
2.335020455487230029e-01	-7.349950309790544978e-01	-3.633391432034939861e+00
2.904548936579168239e-01	-1.208208793024188932e+00	-4.543859921508425437e+00
3.126905487375777337e-01	-8.877107514733250104e-01	-3.059143484717933514e+00
3.892554108031072158e-01	-1.153764758523559530e+00	-2.394301144900678580e+00
4.779550199728215265e-01	-1.346674267383404011e+00	-1.664615661450907336e+00
2.252318440383484222e-01	-1.002999638948773198e+00	-3.015607922341470903e+00
3.747471330992570571e-01	-1.094188889635361539e+00	-3.234969992382239923e+00
3.886160548966894890e-01	-1.176055692484061499e+00	-5.618953468255664774e+00
2.025947833793215191e-01	-7.126779236572777787e-01	-1.117240937838572368e+00
1.541237504775582190e-01	-1.063015764733370450e+00	-3.496902668929854574e+00
3.570290682174869779e-01	-1.279113013186221171e+00	-3.300158520995172040e+00
4.853586551488967560e-01	-8.788994561702956343e-01	-2.487479834954747560e+00
2.014567016956604339e-01	-9.803706438109953680e-01	-2.231242033339972508e+00
3.355535987111859519e-01	-1.376883706657062723e+00	-2.337059740711997069e+00
1.640379904900876873e-01	-1.788254968838964842e+00	-4.047729213474675625e+00
1.860684302641816279e-01	-1.303766344699806012e+00	-3.581991789496932199e+00
2.239066822671750279e-01	-1.335793989435290152e+00	-3.615686742709905754e+00
3.886347657498784303e-01	-1.610036669003946264e+00	-2.107718902675122408e+00
2.789260883547804992e-01	-1.113079715547207194e+00	-2.491116383422057545e+00
1.871078848052037391e-01	-1.285772589614698314e+00	-1.845989702537733645e+00
1.376204130506488710e-01	-1.074020136675837733e+00	-1.001480063447631519e+00
3.013107835582997662e-01	-1.403814128667065564e+00	-2.036857117811617712e+00
3.791434272993629562e-01	-1.301375429076477852e+00	-1.103205285237807365e+00
1.936731627681186341e-01	-1.508301154472878158e+00	-2.011225396974457347e+00
1.053380439732334584e-01	-1.091558943771805401e+00	-3.239516522871182858e+00
1.504686994870031991e-01	-1.575647918685676663e+00	-2.150231439242674902e+00
1.402880665804141502e-01	-1.235735258809049109e+00	-3.762462661073983305e+00
1.722030719661318821e-01	-1.757153351259675089e+00	-2.828814506123642492e+00
2.099751455786522947e-01	-1.572664422073976276e+00	-1.282371123066116780e+00
3.058347750426107514e-01	-1.534443882417343863e+00	-1.662940148485356540e+00
1.081264842687072181e-01	-1.648746048606408277e+00	-7.702232303551324044e-01
1.816027740479091712e-01	-1.662876719395351532e+00	-2.324568911577235220e+00
1.345166636116051917e-01	-2.039614952109007007e+00	-1.094181882375955928e+00
1.227721133569987660e-01	-1.984037670142255516e+00	-1.680661075505091695e+00
1.487794961346772527e-01	-1.907840686210191317e+00	-3.167888697578413293e+00
1.012222406682428827e-01	-1.390088499172813963e+00	-8.463278089459104203e-01
7.819497705392033926e-02	-2.004038639428673552e+00	-1.334363211896115065e+00
2.507052872812937094e-01	-2.093328600659620786e+00	1.813666746541100494e-01
-5.245420040860276911e-02	-1.840327470074288208e+00	-1.842415717498505634e-01
-2.044640675600930546e-01	-1.874543553879193691e+00	-2.686266562034514749e+00
1.797271157917438300e-01	-1.654898518745228753e+00	-2.569223276910745035e+00
2.561098688516671995e-01	-1.968204357147620431e+00	-4.324054282426824103e-01
5.189768754359100345e-02	-1.732650577211041654e+00	-2.310385516408497875e+00
2.966776107384213601e-01	-1.866318395533140162e+00	-2.401827515353863518e+00
2.178135080712524652e-01	-1.884068128080202076e+00	-1.078624109036911527e+00
3.724019348766886839e-02	-1.038329007421448846e+00	2.159107808526484762e-01
1.143508475580849587e-01	-1.822346094148177942e+00	4.887670030191548776e-01
-6.364326952422207084e-02	-1.238078102343306286e+00	1.575679389917860052e-01
5.167973068730076502e-03	-1.753272930701574861e+00	6.378015795571787550e-01
9.136243842167292295e-02	-1.588498326578546838e+00	-1.356955308126074899e-01
4.535442760140888374e-03	-1.432361846093139990e+00	-8.634990312961775549e-01
-1.574949676404809387e-02	-1.756453945853053256e+00	-2.447727709237188520e-01
-1.074815337874133470e-01	-2.134223000014629612e+00	3.431411820285264203e-02
-2.471095891688733504e-02	-2.203179318377426199e+00	-2.843637841691791790e-01
-8.330599581979868107e-02	-2.147431087449231057e+00	-4.682184018177042439e-01
-3.142821072998309984e-02	-1.673838382088496335e+00	-4.449219753886398676e-01
7.038001091249151964e-02	-1.826614195132388652e+00	-9.311870561283588366e-01
-3.771863506873193161e-01	-1.417618406584621127e+00	-3.165138042379392891e-01
-1.768549337854781189e-01	-1.672886120216866557e+00	5.051556024786231225e-01
4.088181721939214419e-02	-1.784298749539861895e+00	2.479167391075213001e+00
-1.337125645953929354e-02	-1.298534788881019475e+00	1.193103960354769288e+00
-1.060027399425915451e-01	-1.256159686897502903e+00	1.156234642596579931e+00
3.207143399400957939e-02	-1.882467099548543965e+00	5.107511593608770051e-01
-6.104648397704045409e-02	-1.839157331596336542e+00	1.885691151896415896e+00
-2.336684505942603907e-01	-1.212158053728152662e+00	1.607293134371073684e+00
-8.179704281073188477e-02	-1.920279251016153710e+00	9.629857252199079953e-01
-1.143980910664401524e-01	-1.526975639502043958e+00	6.333355773640246822e-01
-4.158738053668195600e-02	-1.561958841373400464e+00	3.730077138009025850e-01
-1.024456546419061503e-01	-1.264701474220631283e+00	2.509562887327112080e+00
-1.718079644014282592e-01	-1.570109211761920642e+00	2.236509817881478845e+00
-1.754221816122620570e-01	-1.483185956317917720e+00	2.980349185388655453e-01
-2.882333792702834185e-01	-1.992622778727387356e+00	1.375901343551328093e+00
-1.096828555345590317e-01	-1.201014740910397727e+00	2.554439324612750362e+00
-3.386031466041699578e-01	-1.239313634614182646e+00	1.705884102568915983e+00
-9.881678707509308768e-02	-2.318093965469809614e+00	7.169412684796259150e-01
-2.120794562960832408e-01	-1.133074577074662415e+00	2.641226725368090111e+00
-2.102487608770923500e-01	-1.965888030609024506e+00	1.489214725592071353e+00
-1.757507727450303980e-01	-1.604295326717271486e+00	2.023012279203761921e-01
-1.172212991328171194e-01	-1.474704713555208491e+00	1.505152107670469697e+00
-2.062607892230272355e-01	-1.543102178842070238e+00	2.133070008330871570e+00
-3.082456818465370563e-01	-1.646044715761112887e+00	9.192535269863058023e-01
-1.748906772932548592e-01	-1.481759207411962098e+00	3.867507656120144244e+00
-5.141260717473036257e-01	-1.795833847277625850e+00	2.006060063014328154e+00
1.310183715376389557e-03	-1.864822882133767123e+00	3.059836578608789992e-01
-3.024270772327727896e-01	-1.806687366446354970e+00	2.544545792850461563e+00
-4.366820473853370022e-01	-1.456203993505022387e+00	1.457089804257949650e+00
5.716881638637383301e-02	-9.888859105061096333e-01	3.508993010058447659e+00
-3.801735739562796534e-01	-1.394074267418817792e+00	2.657572015377917207e+00
-1.758157108817942349e-01	-1.605638842811621947e+00	1.170036010102234458e+00
-3.370635341671663898e-01	-1.201075522060173872e+00	3.119977603248434317e+00
-3.804194626274845503e-01	-1.171025286319352432e+00	3.702308115060904292e+00
-3.016672043600075459e-01	-1.862154460219433538e+00	2.663638901611920407e+00
-3.484702480124037827e-01	-1.059679555305139909e+00	1.709027032961588422e+00
-2.161448365392418802e-01	-1.533490364962654784e+00	1.460808494534055813e+00
-3.747723205993708784e-01	-1.398522273984770692e+00	2.924658519773888798e+00
-3.044076646801208152e-01	-1.220751151917988775e+00	3.623808466779409265e+00
-1.579429294616851442e-01	-1.272921956218179718e+00	3.460577587365764707e+00
-3.919122835403980321e-01	-7.645614966467325635e-01	4.294923474875671943e+00
-2.299861814829970708e-01	-8.582216381703688945e-01	2.976344304940036878e+00
-2.942402281983506618e-01	-1.109493324245262702e+00	2.580371638514280530e+00
-2.956069136576825462e-01	-1.375059364286038033e+00	2.710273349774343643e+00
-2.538716306191181049e-01	-1.629769772627779112e+00	4.770416077040930958e+00
-3.438195799415351694e-01	-1.168538677664131997e+00	5.963263595605896583e+00
-5.209521739827438491e-01	-1.255995108807747451e+00	2.229667434826307471e+00
-4.139687816455108749e-01	-1.287463333087268014e+00	2.235437871944885302e+00
-4.107736769148259692e-01	-9.995991238908105148e-01	3.526619208837916020e+00
-2.306128754465565367e-01	-8.898409211708656619e-01	3.598942527213791376e+00
-5.412976836395797520e-01	-6.792006890038915223e-01	3.082067226796743942e+00
-5.280569824274204960e-01	-1.151805822529361700e+00	4.872659146164965094e+00
-2.351289576866526232e-01	-1.220755524550193760e+00	3.129357942024837858e+00
-6.331066569204014671e-01	-9.483130036123927908e-01	5.010490888717519908e+00
-4.223885956845836454e-01	-1.025297342137033496e+00	3.662269980570612482e+00
