angle	angular_velocity	angular_acceleration
5.783761123162785012e-01	8.922677594365548970e-01	-2.096432020893837400e+00
4.654957733546392640e-01	4.415049068760073525e-01	-4.461073933208349551e+00
4.316398119916563525e-01	1.534041345461564232e+00	-2.085172098997937429e+00
4.182427839064397634e-01	1.100844603006284173e+00	-5.807351286196827722e+00
7.403137574562377310e-01	1.998736376709510654e-01	-7.044298913038133492e+00
5.285178248429118764e-01	3.117926796165295111e-01	-6.866922316877099419e+00
4.179180065379312081e-01	1.868323043390406890e-01	-9.442558794502327046e-01
3.219500120138343302e-01	7.963569075229728345e-01	-5.773964348477042208e+00
6.327124683188444232e-01	-7.029098839125479392e-01	-5.048309303161373940e+00
4.040904147250279355e-01	7.126733435481302781e-01	-6.155423375732846480e+00
5.701733094437400062e-01	4.804807829156584331e-01	-4.875382580259128851e+00
6.672230782506328728e-01	-6.193821073296520430e-01	-5.015687233042132043e+00
4.457876478333551717e-01	5.750812209147204701e-01	-4.116835050913960181e+00
7.363930780302696544e-01	5.965633172084523483e-01	-4.468124773730321131e+00
5.802920913204381304e-01	2.970662974377599186e-01	-5.240425191859770848e+00
6.537073347366000320e-01	-1.609221128876716922e-01	-4.028205421393431962e+00
4.899878209425756470e-01	1.404031348450114347e-01	-4.643268163217552313e+00
4.459847454512457232e-01	6.072589797269328793e-01	-3.637708599228285600e+00
5.408584201177040196e-01	-8.683432035558112938e-01	-3.832602377760859991e+00
2.948749691619473867e-01	-2.135199805768721870e-01	-3.897632896516165513e+00
3.026097624672499653e-01	-7.720722705026121790e-01	-3.456478506879575363e+00
5.897099306615048997e-01	-1.133888526169021527e-01	-3.520349652324131107e+00
2.230859093281093997e-01	-4.382621162779035684e-01	-6.683981519993207776e+00
5.731972730358685375e-01	6.337965864606632804e-01	-3.447882386875721572e+00
6.500788491055858875e-01	4.035098057472134014e-01	-4.531156862373120653e+00
8.704160880331898165e-01	-1.969150387413903247e-01	-3.982149129234086704e+00
2.795086076971314837e-01	-4.705546697358652108e-02	-5.061430852906538824e+00
7.680272978019895280e-01	5.455532067979915745e-01	-4.637444579291972069e+00
5.585106101552669289e-01	-3.986097356046339746e-01	-7.701338358528435180e+00
6.450162284021316861e-01	3.383129654949896259e-01	-5.200254567704954312e+00
5.600891599263083664e-01	-6.098356408343644230e-02	-3.522915366435154461e+00
4.066363716159394626e-01	-6.023031054848893007e-01	-3.546468136658615045e+00
3.642266523159198854e-01	-1.509003934289973314e-01	-4.731320905803967136e+00
5.816994666675185943e-01	-4.193895996267414938e-01	-5.995963503062306188e+00
3.746365973253308335e-01	-1.043048533391675026e+00	-4.557366699113999609e+00
6.438174416911490727e-01	2.352187841503644572e-02	-3.392610784335362339e+00
6.102046436253353301e-01	-5.651587945228542242e-01	-4.430624480492579842e+00
6.222069529814575617e-01	-5.331670792181507634e-01	-3.544918632512273682e+00
4.370349650624751336e-01	-6.122774657579046487e-01	-1.873554241310753099e+00
5.661147943149555939e-01	2.109362988406082717e-02	-8.240652585438391853e+00
5.594779415952204626e-01	-2.948658201866042328e-01	-5.161766105213124511e+00
3.526333059842345352e-01	-8.962229512639210416e-01	-4.321738590599861318e+00
5.881636382959571918e-01	1.968100121926602553e-01	-5.149633980120492005e+00
6.151947250027631764e-01	-4.412655660291407989e-01	-5.739495536809888776e+00
8.579034654862254250e-01	-6.108093378046026700e-01	-6.622460710120828153e+00
6.616219480791238894e-01	-5.690372533976516545e-01	-7.027308203237188522e+00
3.715600491643006320e-01	-1.413220407485092700e+00	-6.967357918596428945e+00
5.837215727368720852e-01	-1.516625519073749873e+00	-6.289697962363398176e+00
3.554229084934202865e-01	-6.586720175097930952e-01	-6.198932214579219391e+00
4.243582508117414442e-01	-9.808382867682667872e-01	-3.718782434578841833e+00
2.747373953407288294e-01	-6.270773926323681691e-01	-5.891369706243745341e+00
3.937248606332028333e-01	-5.581530154189273674e-01	-2.750228183963949746e+00
3.202016950352076230e-01	-8.858950252383285262e-01	-7.463869980481707245e+00
2.657939488366530822e-01	-1.426558113547601980e+00	-4.794811202276286544e+00
6.862078982433859053e-01	-1.163917531875747535e+00	-5.210836275072860957e+00
5.277069660508156845e-01	-8.474226056537366158e-01	-5.004021144876574567e+00
4.685976747530117836e-01	-1.298559308628259412e+00	-4.226532687051692605e+00
1.384546551237884615e-01	-1.161769839926785064e+00	-3.611211924163521658e+00
4.093148226904217979e-01	-7.069027735079769226e-01	-4.239964385640837996e+00
3.283970850183495216e-01	-3.031891971381007744e-01	-5.386946903707225509e+00
3.023968718155033986e-01	-1.689999093792121210e+00	-4.956354287271407699e+00
4.470860288104516189e-01	-1.536965553725885059e+00	-4.725931807952965968e+00
3.894932122610061942e-01	-1.478429857537832959e+00	-5.342013396873551478e+00
4.223222656454147517e-01	-7.108008629440897286e-01	-5.133584560111351891e+00
4.293804493415001033e-01	-1.610583266888389042e+00	-5.328980436865183634e+00
2.174585934117922170e-01	-1.282731551914125356e+00	-2.838140564394663112e+00
4.019834062568475863e-01	-2.334999750250823958e+00	-3.584634965332651024e+00
3.754868640217235987e-01	-8.805656450859854489e-01	-5.801520842501718178e+00
2.636334452462374411e-01	-1.448077144248445913e+00	-4.662608304365038592e+00
4.245719536612888589e-01	-1.949845467513197761e+00	-3.582336067706206162e+00
4.315082118248863563e-01	-1.639576632264548639e+00	-2.503784899121985763e+00
2.186640303231818794e-01	-1.206581554715673743e+00	-4.534594505341549286e+00
4.531113269697415458e-01	-1.087446577948184112e+00	-3.993017084054966137e+00
3.020787285116312004e-01	-1.132412789698766131e+00	-3.765517454510561191e+00
3.633897618687693121e-01	-1.750340177187612811e+00	-2.482155530242637909e+00
2.324923329068827038e-01	-1.421474668230471083e+00	-3.298693498796362089e+00
2.150367598792668478e-01	-1.257178016998057535e+00	-5.257076698526885750e+00
3.651471335863335499e-01	-6.437719782561526216e-01	-3.775196575666516008e+00
1.934553352477237642e-01	-1.509912501188590106e+00	-2.966070021371086440e+00
2.549028104236790715e-01	-1.818983070967027382e+00	-2.953378614611425146e+00
7.098929061425629516e-02	-8.058610300604258647e-01	-7.863262087884343998e-01
4.144130563457434357e-01	-1.126196626406710699e+00	-1.437752189667023117e-01
4.219044087027967738e-01	-1.812330660052921427e+00	-2.239025546552470658e+00
1.849267709620148192e-01	-1.832574197405019145e-01	-2.243225546951025606e+00
6.215309653798795075e-01	-1.711968938920218619e+00	-1.662615984016319937e+00
5.055883712140052388e-01	-1.344112866609018075e+00	-1.470406726462655467e+00
9.612365510228312870e-02	-1.436207592119753906e+00	-1.911697086474941187e+00
2.876478957809278647e-01	-1.307680746911974667e+00	-2.214152785624498243e+00
3.296186607161848414e-01	-1.174912141979773672e+00	5.436180329168007752e-01
3.676799948846569688e-01	-6.605108964845816111e-01	-1.498812138989896736e+00
2.450549993327248988e-01	-1.321466041407444170e+00	-3.684651193857126028e+00
1.227087058612431336e-01	-1.910999868161503468e+00	-2.185280048210262116e+00
5.506380576746806588e-01	-8.266108076259074400e-01	-3.275173793011846080e+00
1.985109819260046649e-01	-1.441533327538010889e+00	-3.296000771377556759e+00
1.826726222404436717e-01	-1.965777883302650020e+00	3.217897830900366962e-01
1.794178982379457110e-01	-1.621069505911333364e+00	-1.442678718261474646e+00
1.911162006495971677e-01	-1.094452929449992729e+00	-3.413339986161809669e+00
-2.058028324220681493e-02	-1.712580690056721311e+00	-5.846222717813250647e+00
1.950640817374837688e-01	-2.045310782783584358e+00	-3.890132734833367856e+00
2.737945832001696389e-01	-1.496273142616345808e+00	-2.288163839941356414e+00
3.272935619997604517e-01	-1.116144126276582105e+00	-1.361700339358926648e+00
9.663788900342229482e-02	-1.506884033212486429e+00	-9.572949964422671210e-01
2.084820746077542808e-01	-1.920844571225394759e+00	-4.801826401854942805e-01
2.772649483360264400e-01	-2.204764824549981572e+00	2.654126698147818431e-01
-1.131147639516068004e-01	-1.586127595491138687e+00	-1.744663157899045247e+00
-1.423013187294115967e-01	-1.915458319996625525e+00	-1.087472591643327213e+00
2.354079210576338066e-01	-1.357590039118953484e+00	-1.460163380950967316e+00
1.342464802593362205e-01	-1.449197446830166935e+00	-2.146358909141492521e+00
2.507222014705545732e-01	-1.615107706804640664e+00	-2.323803439376852076e+00
-1.481989798703312045e-02	-1.618877452802330419e+00	-5.693140388129168672e-01
1.166198487972280873e-01	-1.107299534673375163e+00	-3.237740956644970414e+00
2.997739102256967436e-02	-1.706739099027369422e+00	-1.421770462465738127e+00
1.326774101290649210e-01	-1.175383294402289280e+00	-4.700480554086015617e-01
1.452988767868633457e-02	-1.545187015071664893e+00	-1.684306878509228333e+00
7.377234786611111539e-02	-1.683194354531529546e+00	-2.492428034743486287e-01
-2.860980539953325019e-01	-9.492605986692865816e-01	-9.678119260282488368e-01
1.081198506924587188e-01	-2.163879770739322250e+00	2.664986414466524067e+00
8.577554685607227669e-02	-2.131672785343455612e+00	-6.870173222307396355e-02
4.979023164602225382e-02	-2.361097063341608848e+00	-5.223683039955817620e-01
-5.009781095419185704e-02	-1.759639447901807818e+00	1.389670144977762090e-01
1.416938097047573397e-01	-1.663274535533956655e+00	8.679698179717203477e-01
3.102537579325578276e-01	-1.861875589979858248e+00	-5.544121429867819861e-01
1.092305674322589237e-01	-1.770010436068027548e+00	2.669612293589942897e+00
1.823003864800823090e-02	-1.426555568008877062e+00	1.921856512760434565e+00
-1.350258603112695077e-01	-9.588210912183693369e-01	-2.233101840732929499e+00
-9.909721787275420357e-02	-1.423996845595092209e+00	-2.933063974147296804e+00
-2.936163572348584050e-01	-2.370583336658699913e+00	-8.481420624047828483e-01
-2.958065720357591633e-01	-1.346457847562903209e+00	1.549050568699648744e+00
-9.578714998879844789e-02	-9.181693333390611444e-01	8.251289657251102971e-01
-9.394214750148117965e-02	-2.407988609436243710e+00	1.747998219127098407e+00
2.327430268977755956e-01	-1.045304514023012832e+00	1.270918903529642874e+00
-5.773663080788039165e-02	-9.106669878854042333e-01	2.349013863848567141e+00
-1.656603277102399185e-01	-6.824651533161283368e-01	-1.531196304253369389e-01
-6.639276574321464897e-02	-1.157658299346670194e+00	1.727501369580346502e+00
1.054091756263348112e-01	-1.851618892003223493e+00	-1.139126264341071337e+00
-2.219415640319274963e-01	-2.334669501367726774e+00	2.217765991464156761e-01
6.684837175423077871e-03	-1.543882534951356300e+00	-2.833765780697354852e-01
-2.634234577158348078e-03	-2.183437996757046307e+00	2.654631425199696970e+00
-1.800165303602057898e-01	-9.641398262477546277e-01	8.791057926066049300e-01
-1.797952950563614372e-01	-2.421822341326932193e+00	-7.874426327097787670e-01
-2.212924960510829486e-01	-2.762196217357223205e+00	1.805170034268592349e+00
-5.101700372490736157e-02	-1.250345622306727078e+00	6.387114129879001290e-02
-1.211330800279998704e-01	-1.142066056182755585e+00	2.302220629172937905e+00
1.190688164375042213e-02	-1.063213029884957805e+00	7.610356237172757332e-01
-1.213277065569290381e-01	-1.927866396759816636e+00	1.117923934250024676e-01
-2.065979285772258367e-01	-1.623068326474715661e+00	-3.631275028274969507e-01
-1.542936717017724391e-01	-2.346883331988971033e+00	3.752509612280793050e+00
-1.182086298214902603e-01	-2.131397410492751554e+00	4.288228204573127478e+00
-4.907859216988124662e-01	-9.851217458535239668e-01	2.840293796000050719e-01
-3.223181855452584288e-01	-1.216660047400370370e+00	6.412722721895793843e-01
-3.609170910899471840e-01	-1.693361609479650198e+00	3.041134506432390694e+00
1.927356060554652750e-01	-1.543401591520307203e+00	-6.534243050125518870e-01
-3.207859605610661191e-01	-7.881465597156723790e-01	2.203823878851584261e+00
-3.481851015155076334e-01	-2.031638843731817801e+00	1.014215343584937035e+00
-1.327732393444318038e-01	-9.582893270595811419e-01	2.226107158448569212e+00
-4.993713248910423008e-01	-1.686662484018065955e+00	4.152668127330125358e+00
-2.306646277993169292e-01	-1.558402977761599084e+00	2.223264372109967191e+00
-9.520279263460768027e-02	-1.776350897592422928e+00	4.058617244524524104e+00
-2.049191955668152043e-01	-2.002194413495204550e+00	2.620334432104396871e+00
-1.134362040417090656e-01	-1.056222634739512944e+00	3.957694723421181227e+00
-1.383976917983564259e-01	-2.631470021142758853e+00	4.266603933475366262e+00
-3.419998891277357678e-01	-1.295469040858602483e+00	4.449397943033170044e+00
-3.293985442616148562e-01	-1.529532786261094346e+00	5.248726919319179451e+00
-5.409415135734190194e-01	-1.359521797760439243e+00	1.037305571738717846e+00
-3.947087126524623235e-01	-9.830556202960840650e-01	8.900656310830790119e-01
-9.023242608962867006e-02	-1.324289508138491556e+00	2.852764749562426427e+00
-5.380980560147865521e-01	-1.139765201052422627e+00	4.081474883746006199e+00
-2.953209004055465381e-01	-8.679300861139941370e-01	8.228372464034960920e-01
-3.463214772100394745e-01	-1.895532668051619352e+00	3.994292655271391990e+00
-2.669709872875487555e-01	-1.541402258846077622e+00	4.459858521406260046e+00
-4.490743173428265456e-01	-1.220847508227105749e+00	2.660954318131452112e+00
-4.467979153722712038e-01	-1.981662168729489970e+00	5.350271678928355534e-01
-3.306265515433692848e-01	-1.569137725551802198e+00	4.220757082698056273e+00
-4.296390626405702795e-01	-1.168318222140409812e+00	3.004165409917392893e+00
-4.021144093074209280e-01	-1.189151282403333676e+00	1.856328614580180725e+00
-9.667279913547943693e-02	-8.845495233880737995e-01	1.998538967732711669e+00
1.333828423271976593e-02	-1.563714316411515703e+00	5.628658381027882740e+00
-9.945144777711545370e-02	-2.364821482414394715e+00	5.746112966402724176e+00
-2.667428923452443978e-01	-1.027482399207318764e+00	2.486175569629142323e+00
-2.991163735223318909e-01	-1.364218718670417552e+00	4.655012396801483376e+00
-3.484770361836572738e-01	-1.004267228324323247e+00	6.169141116540637348e+00
-4.043995148877280732e-01	-1.489315036842367101e+00	4.498538864538036641e+00
-4.652697222669895383e-01	-6.098002525204113677e-01	2.344758123997486621e+00
-3.775588551948032556e-01	-1.052043672114762130e+00	4.686475095869836238e+00
-2.569574823798009833e-01	-1.047819237883551802e+00	4.742592980853116202e+00
-6.713855132383816926e-01	-8.565864447356579259e-01	3.185092358089570475e+00
-5.232233948483954178e-01	-7.116704706480686538e-01	3.314744581762304243e+00
-5.193100520058936409e-01	-7.323405517690151356e-01	5.111838351036896988e+00
-6.464775228623041992e-01	7.053420626635509283e-02	4.609648097919005316e+00
-6.175698134046010424e-01	-5.495546837576716914e-01	5.959185944830664106e+00
-4.909428421990442715e-01	-1.059700531756436304e+00	3.153430596349036108e+00
-2.806303912363709019e-01	-5.269373392160909830e-01	3.729399523572176633e+00
-3.594539415276711836e-01	-2.091982666155022930e+00	3.097399171986773503e+00
-2.374658266551152863e-01	-4.044599799246353378e-01	3.428981874655823159e+00
-4.482095159559621456e-01	4.942475437236962810e-01	4.282241191756282817e+00
-7.701837213638813573e-01	-6.705962183925080478e-01	5.332806079195551163e+00
-3.515441580662287402e-01	-1.320561355577066553e+00	3.646315059957210281e+00
-6.617003800794786228e-01	-8.819882263479780216e-01	3.393063816979398517e+00
-4.493175887773350197e-01	5.827898551127183024e-01	3.797554261672597242e+00
-5.297142519876368860e-01	-4.323188417495609781e-01	6.931146012842026138e+00
-2.676037646633850908e-01	-4.885180164173176798e-01	5.070499748867788981e+00
-4.292514133944582144e-01	-1.479041111297512145e-01	4.670096482574736640e+00
-2.862852796298523961e-01	-9.350658797365911656e-01	2.318684365136590486e+00
-4.656280484603608216e-01	-5.329581946618026089e-01	4.140084385750073537e+00
-4.169420900488808868e-01	-4.329505612065099318e-01	5.351930599666554933e+00
-4.330590070278261816e-01	2.461838751719624963e-03	7.023696445730536198e+00
-5.448657930444431585e-01	-4.993157621347193431e-01	1.945200728483781116e+00
-2.581265271602499745e-01	-1.031215960884385163e-01	7.417952229529603869e+00
-2.428901999351829599e-01	5.352586331942110753e-01	5.354803828463175819e+00
-3.711556270198057561e-01	4.890893464323313178e-01	4.831673651828420013e+00
-6.111667134181446581e-01	5.295868627171933518e-01	5.482252395813821622e+00
-6.201865500841693413e-01	3.309399432717331502e-01	2.808552192500702649e+00
-3.940774092138447648e-01	-7.939044963833028490e-01	6.676071956322697787e+00
-6.940254695887335679e-01	3.020153270522707989e-01	5.417872802827870871e+00
-5.261466480958197911e-01	5.517928197639833110e-01	2.023721656085475828e+00
-5.979204473264083664e-01	-2.582866268572583945e-01	5.438855772030253277e+00
-5.761707052875133517e-01	-8.224156595471283637e-01	5.862561224333796339e+00
-4.543254363265085694e-01	9.652010382565509583e-02	3.189051495392710933e+00
-5.343812149312312521e-01	-5.026982203973429097e-01	5.139080710783715311e+00
-5.365990729869204445e-01	2.416765634787967909e-01	3.777959601042931936e+00
-3.670446780194469016e-01	1.308841518479356147e-02	5.379588460958531826e+00
-6.891400340240019240e-01	-1.000971946190967410e+00	3.554080214218018341e+00
-5.555532227837802761e-01	4.724794558724249582e-01	4.568453616165302655e+00
-4.681672660896036842e-01	6.021262104836825335e-01	2.881736665534420982e+00
-3.514797261148883134e-01	-4.982546614627189063e-01	4.860443771586504980e+00
-7.068432048699215819e-01	3.166018367810039674e-02	4.124907275074728652e+00
-4.751751980658444063e-01	-6.298215286891065690e-01	7.464933384965799945e+00
-3.735559424492278513e-01	-4.112158006099029262e-01	6.413612576368310947e+00
-5.723043651305674828e-01	-1.739033692213220739e-01	4.451819459133504964e+00
-5.224445930081706990e-01	4.395305355955529403e-01	4.893572851140124413e+00
-6.807617116369609755e-01	-7.980393028195431615e-01	4.019710957957142838e+00
-3.642978149840971902e-01	-4.269658244746016851e-01	5.130352783232313918e+00
-9.171979099232869803e-01	4.199343152282860592e-01	1.901631986830189192e+00
-1.369126712390772438e-01	3.077617122286436802e-01	4.558473313745500910e+00
-4.010667189204917271e-01	8.154228195968712400e-01	6.173585856948431427e+00
-5.639212515628514444e-01	1.061164435033007392e+00	4.030517239393724971e+00
-4.899430829818781086e-01	1.969588134348068398e-01	3.762722246476450927e+00
-3.684582030678077436e-01	-4.015838331560522834e-01	3.527260049505471784e+00
-4.987267767126601914e-01	1.257289604198273514e+00	3.040896672949256363e+00
-4.441831743957916911e-01	6.030310835012855364e-01	4.270151122419899359e+00
-4.921372696521397749e-01	-1.533487552870834714e-01	4.395463819258377036e+00
-5.035824127917827298e-01	8.403867624672849423e-01	2.760162609687641488e+00
-7.042268747988993383e-01	7.072601975710017808e-01	3.079070464172422028e+00
-3.089307599533191451e-01	-6.803166797757892459e-02	5.705926890755658398e+00
-6.909345988001958094e-01	9.064556055388307554e-01	6.684204166270387049e+00
-5.216439931675151964e-01	2.450375513940786509e-01	5.326682449460086843e+00
-5.866233961339659686e-01	2.619302879981218468e-01	5.213577706843010695e+00
-2.374027133636942288e-01	3.168475403866624074e-01	7.722291204877762993e+00
-5.531235767774461687e-01	8.896433412946040953e-01	6.557900772927739652e+00
-6.835735512703822181e-01	4.448855419219151508e-01	4.673277387112713122e+00
-4.352720182174708019e-01	7.037703606058409722e-02	7.492895335730212381e+00
-6.752671106224749087e-01	9.503773450079110452e-01	5.206492180675332371e+00
-3.931043494954875039e-01	1.057983984124800436e+00	6.414487521929331137e+00
-7.009611372787252215e-01	7.068947813889457921e-01	4.468079029479559594e+00
-3.022727181644008221e-01	9.078285458681092379e-01	2.537952082380799279e+00
-4.485736233432384146e-01	6.886528219870901024e-01	5.946098367489669023e+00
-4.462179207350971399e-01	1.992524036152597544e-01	5.136623528423233331e+00
-6.735872034065437663e-01	1.014596294725953474e+00	2.730589067526482339e+00
-3.983538535847975792e-01	6.942833031742183802e-01	5.070617334196922066e+00
-4.712966414904947721e-01	1.992264709133116929e-01	4.152047877688861632e+00
-5.570281076278166266e-01	1.199765703964231767e-01	3.121072851431803130e+00
-5.891899994636867754e-01	1.056426992909341278e+00	4.172542013733849586e+00
-4.470752738783984048e-01	9.915809018867373092e-01	2.333351299753789743e+00
-6.457195844262189066e-01	8.071295311755383173e-01	5.210265988608171916e+00
-4.252829584173701827e-01	1.792984358269338552e+00	2.443932453197020571e+00
-7.413215079057051682e-01	2.704300558331402815e-01	2.446064783291753919e+00
-1.833689100925440796e-01	8.281589694423573400e-01	2.449658672337052145e+00
-4.732828394913915493e-01	3.287691249009472294e-01	5.775700161965636958e+00
-3.898470745119228531e-01	1.021596700893794507e+00	4.319708504898454926e+00
-6.444754739474745087e-01	1.299870997857826005e+00	5.892330122911062951e+00
-5.896988635862981942e-01	1.269538942124940339e-01	3.518234366963394866e+00
-8.087025925172897090e-01	9.547234405769918775e-01	3.579817970917056336e+00
-3.969810143223705401e-01	2.139992445886012451e+00	1.654118918895700396e+00
-4.141864439616448346e-01	1.420253672976238501e+00	2.293943222160495843e+00
-4.109751504457891946e-01	1.044366583734245291e+00	5.282298580867053062e+00
-4.111373627712864853e-01	1.373087403394564587e+00	2.771788769020210097e+00
-2.654707603691673357e-01	1.669474702909902630e+00	4.751074309690287656e+00
-3.194575947504595392e-01	1.233909265991971038e+00	4.727472597428231005e+00
-2.882588571839790892e-01	1.237391449672534227e+00	4.346863820971031522e+00
-3.257651758311590484e-01	1.286615841244514558e+00	5.145478189836004468e+00
-5.140800417833230052e-01	1.709391851368932125e+00	5.534933747473183452e+00
-4.622022369908794781e-01	7.865051319874567515e-01	5.876577916519764244e+00
-1.270305079928093495e-01	1.367294275413935445e+00	-1.219367894149338660e+00
-1.839380909437075551e-01	1.302380254812386173e+00	4.831267103723267731e+00
-2.390605011809864844e-01	1.731587007114494536e+00	4.672637001718165095e+00
-6.278461325288462458e-01	1.933772488487717656e+00	3.776038319797316412e+00
-2.625729795156283020e-01	1.001182936920143041e+00	1.868087089011166269e+00
-2.599174345542288322e-01	1.625898396114767497e+00	2.352539498589842459e+00
-1.932636063623824341e-01	7.067365665630761518e-01	3.071281829125821705e+00
-3.939178427101935331e-01	6.155195392386229036e-01	1.745869494254879806e+00
-2.356216363615225851e-01	1.314141640441210068e+00	1.704924818522206120e+00
-5.553240496670346360e-01	1.681073365040206102e+00	2.619628807142937887e+00
-2.924171128517947249e-01	2.086894066527865021e+00	-9.251780534688958113e-02
-1.707089698463951088e-01	1.897878687447181134e+00	2.305901269340504101e+00
-6.771094988859108210e-02	8.900937527032022345e-01	1.843973330622702855e+00
-1.471188069465381443e-01	9.164346574359454323e-01	4.395738325909605670e+00
-1.282500054457438587e-01	1.192483303939700701e+00	2.128464739906105407e+00
-8.784597494313334254e-02	1.079882032457274210e+00	8.833879290774380166e-01
-3.147836377095820648e-01	1.972176243359438086e+00	3.498490659237740719e+00
9.618094150302350376e-02	1.774237693180471087e+00	2.235764645629799041e+00
-9.014066408240366257e-02	9.218483274070343736e-01	1.315865209204657216e+00
-2.770191259664880334e-01	1.994815374082718140e+00	2.987098031314327162e+00
-3.781478640465607555e-01	1.241041709671087734e+00	1.068437534352457474e+00
-2.096609696775698084e-01	1.640361623304180894e+00	4.683921571512298598e+00
9.812899110722500540e-03	1.012176498061964747e+00	-1.828670078356258166e-01
-3.418157181425046653e-03	6.728500620559512146e-01	1.161611211627319840e+00
-1.452957639170594506e-01	1.624952371130711670e+00	1.504881261584352758e+00
-4.114272922407485877e-01	1.571195758139697807e+00	3.346081445000948396e+00
-1.563773262155725707e-01	1.418095178499380493e+00	-2.225272290806727504e+00
-7.026651229094620088e-02	2.083054262494157260e+00	-7.758141271148955020e-01
-1.522002608172632887e-01	2.043765460328474504e+00	4.264688825269422168e+00
-7.056043940171294326e-02	1.484039028258708370e+00	2.712572149676706346e+00
-1.239965628433089551e-01	1.612625285428832989e+00	1.243632449410834617e+00
-1.570842904303015874e-01	1.588449009726219829e+00	2.631181140747848035e-01
2.059125223682442551e-02	1.327943573806302791e+00	3.223715437476059265e+00
-1.023745939916691355e-01	2.338265464932034021e+00	1.557831941835941869e+00
-5.709508289102328826e-02	1.753986388179414657e+00	4.294054947655828514e+00
2.865156719349118419e-02	2.307620232802129578e+00	1.262608020619744975e+00
-2.418354148936650017e-01	1.810201484080343315e+00	-1.685699196271978062e-01
-2.239207759768483130e-01	1.884672719084108827e+00	3.758494054922234540e-02
-8.537218578490712861e-02	8.740980413108320191e-01	5.937235066130870376e-01
-1.988410951489353318e-01	1.278154311558252765e+00	1.220909311818796139e+00
-8.635202669329811176e-02	3.387808252350898108e+00	2.484203415911974133e+00
4.716490849830429211e-01	1.488609677653842001e+00	3.486893925536357353e-01
-6.189295897703034344e-03	1.782637239447845579e+00	8.136075971960862740e-02
1.544901979028195094e-01	9.615468223423286886e-01	1.650200137088446040e+00
6.869225708875739689e-02	2.181123637622877975e+00	-2.562012672632801302e-01
-6.334641916284293461e-02	1.803783079090356622e+00	1.067691513336455067e+00
1.230468466951521733e-02	1.246694780685354331e+00	-1.111286811677515862e+00
8.420143949066538624e-02	1.126477549313848137e+00	2.127683459342090799e+00
1.162110856867173136e-01	1.144458092971701202e+00	4.982518862144963201e+00
-1.373392537508318773e-02	1.013774689266088380e+00	-2.905961694059126632e+00
2.488216185257252078e-01	1.869308316390092761e+00	1.670928886205091946e-01
4.549466771097353951e-02	1.513136017315165560e+00	-1.083270832885509627e+00
1.949794756260080780e-02	6.855623318000994004e-01	-7.916918822619382068e-01
1.442200298367960626e-02	1.823985237926707192e+00	-1.770622006706469964e+00
1.370507687471879676e-01	2.091961785055135525e+00	1.233826415803320087e+00
2.687973727179767680e-01	6.466094380541028697e-01	-1.215442265066895677e+00
1.819963335626296752e-01	1.334012903022050001e+00	-3.157542747287273688e+00
4.033704930369145236e-01	1.307835905592837689e+00	-6.903874188159779823e-01
1.607363930481625069e-01	2.735941064851125315e+00	-1.242467676145134980e+00
7.529939729325718645e-02	1.602623051574221691e+00	-1.460031506572670112e+00
2.959813395805845904e-01	1.397583924365631614e+00	9.800784018050090474e-01
1.149099462783376435e-01	1.040689929789784918e+00	6.639864095545036093e-01
2.180252002318699978e-01	1.695419180148630911e+00	-3.401480726557053469e+00
3.162529450318216639e-01	1.063066177162085069e+00	-1.366026430941644554e+00
1.174349095407551946e-01	1.944935493405413496e+00	-2.671750811592584984e+00
-9.457946333712569098e-02	1.215832055229937092e+00	-8.634716044963248738e-01
1.516981585808008515e-01	1.445457637304361942e+00	1.144600041052521444e+00
2.134724161207388615e-01	1.221425185720321327e+00	-1.499508453926942542e+00
-2.430420069285439133e-01	1.619427877981456598e+00	9.464946891372787441e-01
4.078408829919261680e-01	2.009655327559360494e+00	-3.546862470549627666e-01
4.574082263429075090e-01	2.336867246406851617e+00	1.782139639909547046e+00
7.308320420023223241e-02	1.249828983987778974e+00	-6.692047447384941172e-01
2.204670157205405046e-01	1.977157771176043966e+00	-2.140183964960241436e+00
1.269847312858504718e-02	8.591362370278375904e-01	-4.195158565138277229e-01
6.425061160040657082e-03	1.905266358678079142e+00	-1.640847479688217980e+00
5.628421487805290724e-03	5.545216415816363043e-01	-2.794144956087285081e+00
-5.303730558657002159e-02	1.201339017827331546e+00	-1.435810702965977015e+00
1.313633999891622994e-01	8.720261520399407162e-01	-2.888006361017513512e+00
5.571141031851274406e-01	1.054328327828968792e+00	-2.296341598957245989e+00
1.421580316135551136e-02	1.379647900217532142e+00	-1.270693950325904042e+00
1.949379983941433303e-01	1.677498854232319703e+00	-7.045985200256854597e+00
1.374581967200848853e-01	2.067094640093067426e+00	-2.680373161710585261e+00
2.642193629724261528e-01	2.489577922310121316e+00	-1.677796024939975927e+00
3.614464785397367153e-01	9.485860114294207834e-01	-2.608695962287900016e+00
4.101738695270424340e-01	1.591994124834880786e+00	-4.937173275318484933e-01
3.621068791915746932e-01	1.742164522563094398e+00	-2.408695894475044508e+00
2.913503514519059090e-01	1.348899722670911183e+00	-8.727450944005905598e-01
1.559676858097699681e-01	1.925274892637582891e+00	-2.379631958895732424e+00
2.225708931151473280e-01	1.639613865094096568e+00	-1.271653443780237813e+00
2.250586985146648955e-01	2.405330284547006148e+00	-1.280040026422617716e+00
3.159399775302357827e-01	1.420924415117839956e+00	-1.400375108986587458e+00
8.098530620039912087e-02	2.142323188570747661e+00	-3.315344157449122253e+00
1.749339270086676668e-01	1.200770578990696169e+00	-4.497700234149274223e+00
5.756356638842716755e-01	1.460552098834137613e+00	-1.914032908445730596e+00
5.135794839906021592e-01	1.255649122727792832e+00	-5.900961882846729623e+00
4.113805930813955181e-01	7.138264835005888598e-01	-4.590706416948060031e+00
4.591218235939734660e-01	1.259718847446379852e+00	-2.354900352778132699e+00
3.202009731655488523e-01	1.071733432778360307e+00	-4.045962099477216967e+00
4.941266156924542519e-01	1.192160532071176560e+00	-4.024622838511183076e+00
4.602778682372584140e-01	1.574141302159335565e+00	-5.013489408702801242e+00
6.683902401757917389e-01	1.258141578178954667e+00	-4.702846152208651986e+00
3.146809583085437012e-01	5.818692057393558548e-01	-4.794987773512282558e+00
9.319231331300859011e-02	8.568130836779958015e-01	-3.724803672698572488e+00
2.655341708553176083e-01	1.491136589009567137e+00	-1.786692730354969338e+00
2.215944072995765235e-01	1.217840711502675033e+00	-4.445641082601968996e+00
1.833535645033551320e-01	9.786426103934942056e-02	-5.848850307564953610e+00
4.739150007281440757e-01	8.601211517762962222e-01	-4.613350234318359000e+00
3.716883209774188845e-01	3.263977199799524831e-01	-3.289557625594470291e+00
1.548422318951227505e-01	8.242668190600872524e-01	-2.177069743366211618e+00
6.559745403501811012e-01	1.296576563197940235e+00	-2.164656390554785315e+00
4.348328047736954582e-01	1.841190522842859334e-01	-5.399559966448619797e+00
4.619155893295482929e-01	7.008856085878129027e-01	-1.921825088622204358e+00
5.456177064819873745e-01	9.581190202323761618e-01	-3.150404719600206072e+00
3.947300307773425887e-01	1.374141896781788219e+00	-4.825869410364825640e+00
3.066823685028600144e-01	4.966682791835344002e-01	-5.038282063340098205e+00
5.448150590352329736e-01	1.298278182492972554e+00	-5.707228770041913535e+00
5.938985292720132536e-01	7.543394842874096007e-02	-4.570469776209239221e+00
6.400970864222871315e-01	4.272359749048929567e-01	-4.020807153875371576e+00
3.682283104585458711e-01	3.029304121897837265e-01	-1.940982089367353947e+00
5.118327122359538350e-01	6.701294819023411176e-01	-3.970410794131888021e+00
2.278221413992937983e-01	2.951996684378444535e-01	-3.851409846845792462e+00
4.540809367003045827e-01	4.542590779164986659e-01	-4.886696399442575611e+00
4.971940903262281330e-01	-2.402525523708155530e-01	-4.305195140107102247e+00
5.197047803677067312e-01	6.523448233251155637e-01	-2.879190788135098877e+00
6.208929939285372512e-01	4.524718402099897618e-01	-4.662481633347892007e+00
9.317086488820334189e-01	1.265719774702989575e+00	-4.583340273057083358e+00
3.892557165774465089e-01	1.122249607197906673e+00	-6.608598355879847119e+00
6.782529203912726068e-01	-3.740926142407431931e-01	-5.671016228431935424e+00
6.339327310388152004e-01	1.679875753581350772e-01	-4.990443570606842627e+00
3.767276113341095911e-01	9.347714166115785872e-01	-5.199907399638299843e+00
6.423978110213117709e-01	-6.215645709624928461e-02	-3.944724667054166467e+00
4.182008151098468574e-01	4.984027408971446471e-01	-3.049339589323503574e+00
6.643819217889430639e-01	2.491389948422614298e-01	-4.279366184178067911e+00
4.639585692193545774e-01	-7.395136744356975989e-01	-5.424742902218756768e+00
5.155730986522867321e-01	1.814810650602807773e-01	-4.026423140361091946e+00
3.244121588520275656e-01	1.086043470403754263e+00	-3.745243508679958033e+00
5.700005870075368630e-01	-1.543351473296137311e-01	-5.334202825488439714e+00
5.077840496873754494e-01	-5.356029520761267371e-01	-5.490630240172837517e+00
5.803055167381615531e-01	7.992061545045643367e-01	-4.170791462434715768e+00
7.811595637269691528e-01	2.119166254461274379e-02	-3.951359110889177906e+00
4.370375027213668773e-01	9.400474247865058253e-01	-4.516243980796201818e+00
4.427201245367099469e-01	4.556849778060053091e-01	-7.176303645529187314e+00
9.050685764777031128e-01	4.345129761002712310e-01	-5.323016428114426546e+00
6.112751234274990120e-01	-2.166035170995723735e-01	-7.203350566201870642e+00
5.945712320620536451e-01	-3.625857394119572641e-01	-3.428995890597787088e+00
4.351923299804512091e-01	-5.038164280082679802e-01	-6.470877100539505378e+00
5.518909585538323004e-01	-9.596730017164805115e-01	-7.505646532039310870e+00
7.610478010553612949e-01	7.019586120755587355e-02	-7.073767325818366203e+00
4.981625644038535361e-01	5.303137496123120354e-01	-5.370715393015927042e+00
4.284793224456905358e-01	4.356003702322753801e-01	-6.153387856266659739e+00
3.500594761693707757e-01	-6.739288544738942788e-01	-1.683973525532972193e+00
3.648427579170454571e-01	-2.708439861323878040e-01	-8.939984470434687580e+00
6.802596261829341184e-01	-7.505513258820659672e-01	-7.730552278004132916e+00
8.535081230274629283e-01	2.411441723845696994e-01	-7.121621653084190484e+00
4.930255064091628725e-01	-7.110756018384984944e-01	-1.651815367603350015e+00
7.640585035987517148e-01	-3.858092424685896082e-01	-6.198571568953031630e+00
2.688980437547161539e-01	-3.417738639378476995e-01	-5.776216621909418869e+00
4.154546389339321411e-01	-4.507001612321037687e-01	-5.656920877320675167e+00
8.033366129647034892e-01	1.596830404441009210e-01	-6.066874168420975266e+00
5.917709375445974196e-01	3.520733786609159810e-01	-7.553246925657670197e+00
3.184087078689782357e-01	-1.234289598730408111e+00	-6.712941792739921532e+00
5.560205297082815301e-01	-2.205639664276999867e-01	-5.577642533964258575e+00
4.557634699529691802e-01	-7.074372602744992689e-01	-4.066906940006344229e+00
7.189108564254997891e-01	-6.613503950188901470e-01	-3.117346143353120880e+00
4.003942484681558556e-01	-7.258925762737229448e-01	-5.800535616586877552e+00
6.216068257995905899e-01	-1.126729373487241448e+00	-3.081164256950416735e+00
5.207690844226630089e-01	-3.614188358595169515e-01	-5.240479597330534034e+00
5.181679025782175430e-01	-4.375718748747711717e-01	-5.140308944957949322e+00
4.790995390312065561e-01	-2.694904598961993525e-01	-6.234197869734780184e+00
5.540090179394970837e-01	-5.956609757738107191e-01	-6.357019759701368677e+00
5.628341498182068969e-01	-1.163240788760370403e+00	-4.322307722364352678e+00
6.792598338928803603e-01	-4.825357896944197922e-01	-4.806748640776199011e+00
5.430126275764890487e-01	-1.916609330442062276e-01	-4.763917523936768816e+00
3.137646648680017525e-01	-3.303730272116504607e-01	-6.336490563246119478e+00
2.096113102934589190e-01	-4.928750075726406887e-01	-6.182001488123184174e+00
5.515483626771707781e-01	-1.748561724881849910e+00	-6.574899011251788217e+00
7.496220800174221432e-01	-1.452377779845836603e+00	-4.512614748430852529e+00
5.541798958661047214e-01	-5.597560825719025690e-01	-2.978806962716341822e+00
6.340977015029793940e-01	-2.858094225034876201e-01	-4.311473555426927007e+00
9.550915982795643577e-01	-7.930392079619313916e-01	-3.659680150971027945e+00
4.099409016008110362e-01	-1.645883571295831516e+00	-3.143681552112096433e+00
5.231103209349615701e-01	1.881745008431766619e-01	-1.516663906086537228e+00
5.218787672162772395e-01	-1.249643153540602292e+00	-3.422418498671593756e+00
5.538850010160578652e-01	-1.334657590017688245e+00	-3.397440060357578950e+00
3.977083745217308008e-01	-8.359918401692901790e-01	-3.061026202916496075e+00
5.304773841456639216e-01	-7.004220629416912924e-02	-4.131064326836027867e+00
5.455026050800982906e-01	-1.605058955270628918e+00	-3.380854649455509175e+00
6.037693420703957869e-01	-1.223001664345888750e+00	-3.388233130443975227e+00
5.932101992619576158e-01	-9.839293541389589892e-01	-3.308989962962042064e+00
4.623981708425433101e-01	-1.518741349708022215e+00	-3.810629190209538830e+00
2.538637672307765270e-01	-7.164804052110405053e-01	-2.996078601661294805e+00
6.533057497846721517e-01	-6.918559609214874895e-01	-3.084486912927751234e+00
3.816158204046929403e-01	-9.412555044484225419e-01	-4.369711413290501945e+00
6.295902644144638627e-01	-1.574688805328877450e+00	-4.224937314190565729e+00
2.436843238981328541e-01	-1.228195448727396499e+00	-5.324520038565276892e+00
2.707005008236801347e-01	-1.902544074538533803e+00	-3.039414274804815186e+00
9.360896696526710414e-02	-4.779053111850052327e-01	-2.929362923998892310e+00
1.506216615524988978e-01	-1.498879467408561927e+00	-3.913217152999695081e+00
2.598294283427605711e-01	-9.037897920847481892e-01	-3.937004081553242330e+00
5.794843987719805467e-01	-1.871820902351417182e+00	-6.005615486992919472e+00
4.913426378690589069e-01	-1.241526922025047774e+00	-3.702806609539423643e+00
3.990748358390289741e-01	-1.379467992973686163e+00	-2.371423080310641307e+00
5.154931746554780592e-01	-2.000496306096579247e+00	-4.633118061332579529e+00
4.252995123981113679e-01	-1.102280601929847004e+00	-4.479431157934333996e+00
4.270796065217386528e-01	-7.362163457190895599e-01	-2.918053182208311114e+00
2.734375386599894320e-01	-1.504191361036302022e+00	-6.275494242462649197e-01
6.014844455135504031e-01	-1.509720858620866135e+00	-3.950982839073731601e+00
3.605903259795044669e-01	-2.110491525422228953e-01	-2.145075935090198893e+00
1.679687305001724418e-01	-5.914417258351638562e-01	-3.903941753154878569e+00
5.406488750152523837e-01	-1.188105987664596519e+00	-2.315970959840618182e+00
3.113323084708690125e-01	-2.529591205594282854e+00	-2.103603942127556525e+00
4.326498618634694315e-01	-1.724886628777826614e+00	-2.215496067940992742e+00
4.551761961654456901e-01	-8.146375726032522024e-01	-2.344092762802574281e+00
3.928844393140688007e-01	-1.868794681431592997e+00	-2.426864084587849302e+00
1.765217424871757257e-01	-1.382344404037497476e+00	-2.106759636228450638e+00
4.007781407521567862e-01	-1.639831795424416594e+00	-1.735569994991734255e+00
2.559212975934068712e-01	-1.287208677137547275e+00	-8.090742746802457308e-01
3.793174306767635451e-01	-7.985965874307257018e-01	-5.539721342340959254e+00
3.338758713386865140e-01	-1.476828798709139523e+00	-1.142065141544216678e+00
1.063761862216313081e-01	-1.989227952601426264e+00	-3.955918815432427849e+00
3.053705369811753889e-01	-1.903744008207654659e+00	-1.275360364098836019e+00
2.737376944687510139e-01	-3.274439952806471599e-01	-2.576011804332585697e+00
2.422589364143295232e-01	-2.248335350664707910e+00	8.162051939298287095e-02
2.833338249308088308e-01	-4.519143500545823589e-01	-4.536312738981351345e+00
2.744129496172618143e-01	-1.031078864711534759e+00	1.962172907953867895e+00
1.455763791454526834e-01	-1.744045811740116303e+00	-1.691634361619385851e+00
7.258699946006659520e-02	-1.653255792758276055e+00	-1.094531140815837578e-01
2.452350630267354226e-01	-1.496327638891603584e+00	-1.923298221486881676e+00
-8.100773630578500528e-02	-1.578315317462169354e+00	-3.111189510817842674e+00
2.458852123150919722e-01	-1.730346358401645857e+00	2.058622715390846736e+00
-6.211383703683126534e-03	-8.694524974223615255e-01	-1.049434281640386768e+00
8.158287294625818364e-02	-5.908068008838288643e-01	-4.283775325776522536e+00
1.441810154166343338e-01	-1.890906404358764892e+00	-1.195999500389453463e+00
-4.517190848167609851e-02	-1.056628475192180838e+00	-1.346518034441675171e+00
1.811037897036456013e-01	-1.638345360127518857e+00	1.751727846141968747e+00
1.573970118422220177e-02	-1.160023673013158785e+00	-1.100743321944961384e-01
3.017663677502485653e-01	-1.410357146111059112e+00	-2.044736715900418389e+00
-2.560015721937400901e-01	-1.639852035570765532e+00	5.125975635833681654e-01
-2.055693800467351395e-01	-1.603305586852281195e+00	-2.712269649484935208e-01
5.338913786782420456e-02	-1.194516452652382377e+00	2.038182585406800751e+00
1.772630921033876150e-01	-8.916263169725907600e-01	-1.046745882886358725e+00
1.718533807381922851e-01	-1.941869227796017672e+00	-7.937976348280708638e-01
1.694802470128040084e-01	-1.513118695687544202e+00	-1.433863778137041800e+00
-8.564762230624997641e-02	-1.239531308615307026e+00	1.280707257137032373e+00
8.891280360678907591e-02	-2.013497783242671257e+00	-1.149289872926965828e+00
2.030776541230243648e-01	-1.924982473977956410e+00	-1.462076901449456567e+00
3.113637227464284840e-01	-1.011979123032842098e+00	2.233784481281552825e+00
-1.060834569836253127e-01	-2.091031355100684497e+00	-2.128751516867775528e+00
-1.336262789904504866e-01	-1.578969019486674341e+00	-4.550349939473618543e-01
1.363046234524939448e-01	-8.387597755093606500e-01	-1.772809285763667364e-01
-1.921646657281367576e-01	-1.646801330895508064e+00	9.561763002737364570e-01
-2.305248460782884645e-01	-1.313043019537329714e+00	4.388818192069655899e-02
-1.328814660647963386e-01	-2.081158492922488890e+00	1.457310826742777676e+00
-3.407469845734428793e-01	-1.783576500610369875e+00	2.825381548375296425e+00
6.797558060679889658e-02	-1.493936462901646278e+00	-1.750943280901193777e+00
2.589911833953899289e-03	-4.533892697503447700e-01	2.951537984685638438e+00
-2.158163541579261602e-01	-1.248906556887533714e+00	2.298828566193753531e+00
1.623742700021343632e-01	-1.044194001066417243e+00	1.158382096462848176e+00
-1.051529539226581794e-02	-2.535610431190353786e+00	6.583370061563389442e-01
8.530207854121218958e-02	-1.210130831323581901e+00	3.657848052801522254e+00
-2.167733259547869051e-01	-1.367252124143324421e+00	4.478382392047957627e-01
-4.270067243230579734e-01	-2.528213376128471523e+00	1.848955617247163730e+00
2.047118384051855033e-01	-9.113707986630399382e-01	3.601067217019796596e-01
-1.110122940024191873e-01	-1.722512755107463711e+00	1.987918391806624108e+00
7.468812323480414350e-02	-1.772454579839498834e+00	1.560027998032767815e+00
-2.112178877155939938e-01	-1.567390997993332924e+00	1.240290659027964759e+00
-6.984990176619292057e-02	-1.730911898763411116e+00	4.149552812934900636e+00
-1.899543251232531926e-01	-2.142092395870328847e+00	1.168450735431253440e+00
1.260354245303412779e-01	-1.057113028379710329e+00	4.338800916210974190e-01
-2.299964891516046439e-01	-2.164603422277383782e+00	-1.288670733592180095e+00
-6.712773254122263167e-02	-8.052466530022280855e-01	1.124176473350889438e+00
-4.470984860858062682e-02	-1.078866038773799829e+00	7.552237083216352120e-01
-2.142817448923174106e-01	-5.743300613869415372e-01	6.491378349424726579e+00
-2.343534335076444819e-01	-1.871510298240602221e+00	2.355546210523037587e+00
-5.897152514743381202e-02	-7.318384422617355556e-01	2.984805968772530349e+00
-2.599999473668182515e-01	-5.586266751050451562e-01	2.617137286150116537e+00
-1.180413508948326695e-01	-1.483939460023687928e+00	7.653602594329786957e-01
-3.532118402879320107e-01	-1.360624272663834233e+00	1.695350257876530264e+00
-1.976870231109320586e-01	-9.821955769128540847e-01	2.695595554213773504e+00
-5.142666013837169370e-01	-1.917207885617689955e+00	2.459925323812000908e+00
-2.596618108982950424e-01	-7.592386362508071196e-01	3.666142096289602748e+00
-1.199577908621994038e-01	-1.437260874259650212e+00	-1.528073066808546265e-01
-2.995513569746771632e-01	-2.725244079032353550e+00	2.424954612046134272e+00
6.280286917875632646e-03	-1.702725672014909986e+00	3.118682190800049714e+00
-5.384604960755614567e-01	-2.283496959773829271e+00	3.023507042284225843e+00
-3.238528899819910212e-01	-1.490873648376449534e+00	2.506352924546590089e+00
-2.367620828860380333e-01	-8.934038645117496902e-01	2.227010839810780407e+00
-4.633491141201711572e-01	-2.312284728530806799e+00	2.775874825672619561e+00
-3.834456634034522637e-01	-1.128134513675246753e+00	2.645626499601333226e+00
-3.845680467942325098e-01	-1.665369028751733538e+00	1.945945671662542509e+00
-3.939942643590504945e-01	-1.002470137073135703e+00	2.458145022996994555e+00
-3.652516416922815257e-01	-6.899764879415574148e-01	3.921413934406010604e+00
-4.236751494723088873e-01	-3.248368218636563665e-01	3.348106317667356002e+00
-4.730073704470536544e-01	-1.299726893823454077e+00	1.717429516193870187e+00
-6.889128391180022737e-01	-7.321854116404848956e-01	1.145970075482841466e+00
-4.207904931862795905e-01	-6.812873000494232834e-01	3.588679656227877324e+00
-3.257617660087674394e-01	-1.027457412880161680e+00	2.338138360183707576e+00
2.654386056783833436e-01	-8.618036456966271519e-01	4.662521566010628504e+00
-3.672041114022149277e-01	-1.861207027029828875e+00	3.948131710905538938e+00
-2.474467914698145199e-01	-5.903441322208287101e-01	5.722699547387540164e+00
-4.561197483844762202e-01	-1.720089622844114263e+00	2.713105287763992290e+00
-8.563986064404455201e-02	-1.552248278044663810e+00	1.860962526825471475e+00
-4.963446320030111547e-01	-1.330840930615303286e+00	1.489694295480260777e+00
-3.486186783842215586e-01	-1.161917633096726021e+00	6.724941626475109402e-01
-2.566823162274332604e-01	-8.130905497113742886e-01	4.759312155308788483e+00
-1.667660094398312198e-01	-4.720162450702505286e-01	4.055473382595983445e+00
-2.471062284857548363e-01	-1.105396278493294915e+00	2.399617731129073839e+00
-5.905678989472301632e-01	-5.710735775079665011e-01	3.821220700339081677e+00
-2.242045820180232074e-01	-6.456461211456794302e-01	3.161770557391635261e+00
-1.437066112829267217e-01	-6.560994436550917630e-01	6.737876235348938536e+00
-5.543453574118217819e-01	-8.548444980050616815e-01	5.391987003080744856e+00
-4.698138753443166227e-01	-6.504846726121800149e-01	4.360005221769267969e+00
-7.353241607155401871e-01	-1.105950589990913890e+00	1.348829544152639670e+00
-4.214228825205624807e-01	-1.241144799461609605e+00	1.876224601004377046e+00
-4.008648737404136853e-01	-6.598463041986242228e-01	3.133037454728649251e+00
-5.983190597446177428e-01	-1.466781283245158107e+00	4.485648153190497034e+00
-2.117674945454302571e-01	2.437028013356096201e-01	5.824127326802832627e+00
-4.429095505577867464e-01	-2.039573000666910829e+00	5.187605448010423004e+00
-7.601558810896607010e-01	-8.290115508315659687e-01	7.288692588752298640e+00
-6.737298333888708246e-01	-1.448095047648955358e+00	9.237002726841221367e-01
-4.815514411084823032e-01	-1.006415326870267801e+00	7.401865574711832707e+00
-3.065928231719440289e-01	-1.367436372194487104e+00	5.402425157229286512e+00
-2.845994834663412298e-01	2.988849412820480111e-01	4.209760265827748427e+00
-5.387303436109919241e-01	1.635616453594553876e-01	4.403076144279156168e+00
-8.733826757946460129e-01	-7.985496805571766776e-01	6.621498139268860328e+00
-4.134522277698540194e-01	-3.296042608948043795e-01	6.255566667444790063e+00
-3.907766496251096067e-01	-1.083821901781397701e-01	6.036591864265488105e+00
-8.135042806433918638e-01	-6.357093189711956471e-01	5.115693361380083459e+00
-7.093492830804020155e-01	-5.812002417438680846e-01	3.989730647204519087e+00
-6.308557225106954380e-01	-4.185399400431840666e-01	6.748955690075597147e+00
-4.482114783237899358e-01	-2.582769617300238463e-01	4.638745492973071372e+00
-4.500769292740562921e-01	-2.900282999110375681e-01	1.211432698715048772e+00
-7.035084980477546157e-01	-1.861114037500049001e-01	3.774491489880283712e+00
-2.186342999293366951e-01	-6.650924285217192367e-01	3.453395106296732742e+00
-3.182381117225351330e-01	-7.303780805325271741e-01	5.911767964416474896e+00
-4.607996296705230144e-01	-4.945014254743607673e-01	5.586670677020858733e+00
-7.984970927118582029e-01	3.652080961420323124e-02	2.483970519336017091e+00
-3.115595486598421449e-01	-7.955759779528160935e-01	2.804386774181401254e+00
-6.266704802610684188e-01	3.521139305522447138e-02	2.951819997918072147e+00
-4.596672793249606537e-01	-3.745141404682560404e-01	5.845583043571370929e+00
-7.014554024095870366e-01	-9.648741633846596999e-01	4.352267373171337717e+00
-4.797808155390902440e-01	-1.255419237417494838e+00	4.514490434683681386e+00
-5.969618859856742343e-01	8.458433984138129524e-01	5.257622726154419723e+00
-4.050304748475840322e-01	-1.694566811146226704e-01	5.961948537662931535e+00
-5.367764012930965611e-01	4.177543535757637372e-01	5.442165537296030919e+00
-4.536294495627742895e-01	-9.105378803300501200e-01	8.870166609912271127e+00
-3.906308016818978990e-01	-8.691017580029891665e-01	4.281492410388220371e+00
-4.506631972153981591e-01	-6.736528569198059202e-01	4.599058256146187240e+00
-3.924414193272334206e-01	4.334701897342220500e-02	7.141437109503455893e+00
-7.830383510516234491e-01	3.315443728073464436e-01	4.277413014392629442e+00
-6.215607923761743425e-01	5.853934354449532584e-01	6.225959564806297308e+00
-8.023781722309483166e-01	-2.797384308680611609e-01	4.154062668665954305e+00
-6.751614708650617303e-01	-1.936893567304164843e-01	4.851974089665925582e+00
-6.445105331171985252e-01	-5.589549987381903229e-01	5.750171945947554875e+00
-3.711284341711473811e-01	6.739336407729573653e-01	5.067972179394387489e+00
-3.151680600093600959e-01	-4.314627826289573198e-01	6.445143152964877942e+00
-5.892451580587874105e-01	-2.497086894926486833e-01	5.297778664101511659e+00
-8.206062300795062825e-01	-2.241702188513251537e-01	6.775383736841832594e+00
-4.939796916454387010e-01	2.219466063272999556e-01	8.914199423809254341e+00
-6.291358285054297061e-01	-9.729266251837329071e-02	4.854250453842729129e+00
-3.345635549813147924e-01	7.324876742485625369e-01	5.692473686182762727e+00
-2.390281485269646344e-01	3.931496678592897309e-01	1.575086192157816978e+00
-6.846264393583891827e-01	1.152557122463780725e+00	3.562238383223858662e+00
-6.734286922413857956e-01	-4.621351676197388292e-01	4.777641166618406210e+00
-5.820007263582405166e-01	-2.167267881517167538e-01	7.866341398150584752e+00
-4.845465015241999240e-01	2.756046073574942579e-01	6.682554997677039310e+00
-5.107367795050684611e-01	-7.246892894807643870e-02	5.903554928546087766e+00
-3.890528770983654461e-01	7.536175510227673957e-01	4.520706975128498506e+00
-4.136922745434259974e-01	1.349401037027631478e+00	6.167386099631789520e+00
-4.834165929867644262e-01	1.377911660967904517e+00	4.506735231471659553e+00
-5.421411233708050004e-01	2.807690117401981378e-01	5.244503637881765101e+00
-1.959347184271819642e-01	5.080222528569970919e-01	5.029302891499487949e+00
-5.338177890717454854e-01	-5.947112719986777929e-01	3.013794893640099115e+00
-2.833461286186980121e-01	7.467101617755753651e-01	3.530223030513660376e+00
-6.305034019129835965e-01	1.437714250531141769e+00	3.882861144025461897e+00
-2.545120097580546581e-01	-1.426935134814181216e-01	3.984435933468464697e+00
-2.649901819967195316e-01	1.086233944989434486e+00	5.733242897744982969e+00
-6.554603369482154829e-01	1.145277759407718587e+00	2.453305175321713882e+00
-4.292219403201700256e-01	5.038348303514805782e-01	3.116126539571710374e+00
-3.119095813561694186e-01	-5.153716213408998659e-02	6.049498372934280610e+00
-6.624968468255402199e-01	1.320258877018670507e+00	5.102509091497168470e+00
-4.068144527198607197e-01	1.139465943658014790e+00	5.823309308919482952e+00
-4.379813998131811825e-01	1.743743991517976877e+00	4.601430690248854205e+00
-3.902454555016881543e-01	3.882542905747279893e-01	8.735132635957640446e+00
-3.172215512647179048e-01	9.669512758409762876e-01	5.270492142855953688e+00
-6.692519822176751232e-01	1.003339896243720997e+00	4.259207225771149297e+00
-3.420328843912539551e-01	1.683880839059342716e+00	3.138015882419640690e+00
-1.923481796774592634e-01	2.371748584010235028e+00	1.855393141542069468e+00
-5.270099615136818461e-01	1.036539164883692576e+00	5.072221824247035826e+00
-4.668361630335992607e-01	7.244238487698420048e-01	3.450951399358696214e+00
-6.182266387753073689e-01	1.554935247647265761e+00	3.133560387270007297e+00
-1.234785751424675726e-01	1.293880533523218634e+00	2.656624152190991239e+00
-4.392373550805867000e-01	5.714469564358402032e-01	5.134711337379740392e+00
-5.838326642068683014e-01	8.262766745002978475e-01	3.618144341231772643e+00
-7.576366853475718921e-02	1.759773326032018748e+00	3.500823675899904952e+00
-5.014055549040490334e-01	1.006361398131280671e+00	4.910223121448631822e+00
-6.561901881589213836e-01	1.187917727643219790e+00	1.262409404830191484e+00
-6.208905117504029958e-01	6.019758787545607115e-01	2.818566694142086160e+00
-3.193978748371199550e-01	1.418760833064629523e+00	3.307124121372106540e+00
-7.911498820681435173e-01	3.848642474426343663e-01	1.961149969585271879e+00
-4.926414069658275885e-01	2.074727826084652893e+00	2.242711825991539065e+00
-4.038061170156833080e-01	1.216548440421651556e+00	3.676140116340091080e+00
-4.708129927440312668e-01	1.716454180446270072e+00	3.719281333922339616e+00
-2.013828849456670289e-01	1.553279772047978957e+00	2.802955906867358404e+00
-2.898392192613009621e-01	1.726435210902732997e+00	1.412159636125156048e+00
-2.172812494324846688e-01	1.251374928107786610e+00	2.659121274422198145e+00
-3.286209123754200712e-01	1.423734100054609542e+00	5.514302755211845763e+00
-5.255578853646138970e-01	1.263442338593632641e+00	3.038504928721317722e+00
-4.147399383405093176e-01	8.073312242115786574e-01	3.792198173872073585e+00
-9.207863908445579337e-03	7.942367873780944443e-01	5.237877548734549471e+00
-5.926975144185581135e-02	1.740422017059208626e+00	3.159278470884020251e+00
-5.313704223366195745e-01	1.572535582734075676e+00	1.003186344323888868e+00
-3.284074860645032623e-01	1.267132108232625010e+00	5.714275165818031965e+00
-5.101394277855355597e-01	1.716272238386582938e+00	8.599645375410385206e-01
-3.485129404078832760e-01	1.312463637111061399e+00	4.295075477928420149e+00
-3.754415647759745123e-01	9.786023764930964486e-01	4.304375665387059513e+00
-3.389880023434264644e-01	1.369220891275619634e+00	3.264878749073105713e+00
2.478505421839927170e-02	1.558153637032429151e+00	4.888325526361343876e+00
-8.737417467406877192e-02	1.304707283300955645e+00	2.865878961576481032e+00
-4.832657259010876283e-01	1.495342835483212562e+00	4.535860371753758002e+00
-6.704758814853203908e-02	1.838578318647080323e+00	1.161802315916046657e+00
-1.775736704154458612e-01	1.716269200799021677e+00	2.758759382062552223e+00
-1.661140806751559840e-01	7.825521770420866829e-01	2.817019856951084478e+00
-4.234580527472370237e-01	1.052983670967650998e+00	5.983085701397217182e-01
5.313061782443451175e-03	1.659944012302909444e+00	3.691064451737034346e+00
2.794346628085489503e-02	1.166850930180711510e+00	2.677163767618640833e+00
-1.640600108607971896e-01	1.257427612024055286e+00	6.844077840166074012e-02
-1.594258174725851351e-01	1.222791861549782588e+00	2.811418298337041044e+00
-2.852115637366418599e-01	8.673449860655947363e-01	2.853304233267910384e+00
-1.989174359000140113e-01	1.458372015668574218e+00	1.995222070250984414e+00
-1.495155966491182042e-01	1.129998931809663487e+00	2.523526127864291979e+00
-1.704728265840525780e-01	1.479648859534789418e+00	5.395762643394212965e-01
-2.178978491623077829e-01	2.542149961533919811e+00	2.349468535774642763e+00
-1.179721819165634178e-01	1.886681322515793235e+00	9.624857222611369334e-01
1.797626983633885400e-01	1.506743467285317273e+00	3.616801620416724372e+00
-3.518192565583750930e-01	1.997556905343731870e+00	1.754861631991880611e+00
2.868242605215617913e-02	1.171502082263856881e+00	1.306259775467588646e-02
4.885536446219074236e-02	2.050012639708507223e+00	2.313661894191075596e+00
-2.541607463611670337e-01	1.343805862716824118e+00	2.661669951140176238e+00
-2.410297318703911729e-01	1.307536713438875342e+00	6.976959486535856403e-01
-1.029185296733155230e-01	1.359393218756091315e+00	1.312054481248083215e+00
1.560333171702933674e-02	1.751239600921651540e+00	-4.818307055639747816e-01
-3.089391531112418710e-01	1.793643145345516832e+00	2.670925365993433775e+00
-2.338637082672133660e-01	1.545414517671974242e+00	-2.456797524472293937e-01
1.785637195959900725e-02	1.745716151532238580e+00	-5.599193797249604643e+00
-2.609493143018204453e-02	1.975464492806138228e+00	7.093777174321364010e-01
-1.385301831423320640e-01	2.052060014785237918e+00	2.223718862761595361e+00
-2.278131413436536024e-01	1.521587945565343603e+00	1.035622785850108585e+00
2.046139371207959801e-02	1.538896868870939239e+00	2.867043393563136089e+00
2.164698338436470137e-02	8.559018753973157700e-01	1.050871612123839283e-01
-8.449741982776774740e-02	1.362856969406837759e+00	8.958806487716033384e-01
-2.180350218719769584e-01	1.096775520729066145e+00	-1.870164489340174097e+00
1.510150460912848824e-01	2.369109701262876122e+00	3.257952210019669170e+00
8.214211311346086841e-03	2.674023543171292427e+00	6.621727115380033890e-01
-1.717983174980348138e-01	1.074640253984905591e+00	2.822950384865700046e-01
-1.212140439521121466e-01	1.409453144871962493e+00	2.389652450075387402e-01
1.052836123714422922e-01	2.516662938215000977e+00	3.433052408788685561e+00
-2.046305444706974022e-02	1.283997191792684678e+00	-8.947204497252876365e-01
2.054485650920652440e-01	1.662549118868710485e+00	-1.489802234643146761e+00
9.402650892414471384e-02	1.693040870148734500e+00	-2.585353955080320176e+00
-1.729809527690530646e-01	2.011821118859593582e+00	2.821155989398410391e+00
3.672337881784794311e-02	1.786670008480824912e+00	-2.037330475089946802e+00
2.268435441768402727e-01	1.408657348402843068e+00	-8.058849518927654332e-01
1.697573919713655788e-01	1.407395019437522432e+00	-2.247622577141536127e+00
2.212301615393197085e-01	7.883525652015617169e-01	-7.172534246016972759e-01
7.460161744416340945e-02	1.607768200946445569e+00	8.476056607800803722e-01
-1.091482854067531150e-02	2.019160533448285832e+00	-3.635455884587843745e+00
8.118302283407853592e-02	1.308506345434819362e+00	-2.466159684624506632e+00
2.531057661509319989e-02	9.600328350272182565e-01	7.229848212631753146e-01
-1.849985538509322514e-01	1.667131313400895154e+00	-1.128618333277254138e+00
1.843791475927498147e-01	1.473048185329599358e+00	-3.092763308938417666e+00
1.441864614934117717e-01	2.084226639432027461e+00	-1.369765012608205268e+00
3.072990902172029748e-01	1.455355651229875535e+00	8.581484334557898386e-02
2.314045332248318987e-01	6.879336716973284416e-01	-2.924289193248377661e+00
1.410212752479107212e-01	1.029994641978867476e+00	6.976523663076683590e-02
8.556886334006710837e-02	1.753949345620517519e+00	-1.220631342587167545e+00
2.725883429018461368e-01	1.431772485550230956e+00	-9.796252969707405223e-01
1.363336792556711918e-01	1.558632976440287976e+00	-2.940940619809672363e+00
-2.381727415124862413e-02	6.482027944185341228e-01	-7.708660771592334982e-01
2.838430745754637052e-01	2.663574558637270329e+00	-7.875368235449977661e-01
5.345073961238905325e-02	1.766754816832247776e+00	-4.269218562745857426e+00
-6.524118620300256577e-02	1.620144234501187386e+00	-4.178947637112607971e+00
1.619590115989269496e-01	1.577046237416402930e+00	-1.563289216074905008e+00
4.172556291695159736e-01	1.842620166136655913e+00	4.111839236173722156e-01
2.076711660879280164e-01	1.177238309910677128e+00	-2.002846911987750111e+00
1.840948922284197931e-01	1.445835943748516650e+00	-4.486153554777123631e+00
1.570297035122953933e-01	4.295344284055596651e-01	-3.634011986138670380e+00
3.917253926214878668e-01	2.270165685985096715e+00	-2.053271909399826178e+00
1.852669182230610168e-01	8.043906301934801162e-01	-1.912111073468079514e+00
2.511279310812966070e-01	1.670182477937062870e+00	-5.775966302004449382e-01
2.105704052798832437e-01	1.692440505229204861e+00	-4.065759005535872106e+00
1.737534222738819634e-01	2.339814144091694637e+00	-1.424924365081867705e+00
7.607871097534746330e-02	9.410752394532664322e-01	-2.754577820198402360e+00
4.901820270109124578e-01	7.425182984053142476e-01	-2.111974058019932876e+00
3.563178672025508753e-01	1.455711108539952336e+00	-3.219918800050954211e+00
3.998589736869790912e-01	1.225027724270963070e+00	-4.249419307941684210e+00
4.310127347238932316e-01	1.006516567294897024e+00	-5.560669015804108994e+00
4.861057322893247434e-01	1.253054709765111907e+00	-4.423198572525824268e+00
2.466023869162456417e-01	6.580233398246593257e-01	-3.049839247722971880e+00
2.897517595359846432e-01	7.203560238932981141e-01	-3.164047111839090043e+00
1.233810532306098551e-01	1.809878652840301694e+00	-3.852466669014377842e+00
3.382500888299494468e-01	9.388369090817239027e-01	-4.003114331456695041e+00
6.514831840766386328e-01	1.338159547701665231e+00	-2.045171394044746904e+00
3.115032922347173994e-01	7.688705940640472303e-01	-1.171809704616255221e+00
4.763311326932591627e-01	4.742553593359603026e-01	-7.606653421749722810e-01
4.373428079180456396e-01	3.264464680839097577e-01	-5.508955075930061618e+00
4.415082365463295355e-01	1.988826620317882821e-01	-3.207744281154595978e+00
5.313375756264678840e-01	1.247184108452545903e+00	-5.789546720294660886e+00
4.739359923088666271e-01	1.200389050126668522e+00	-3.746359499763708634e+00
3.014912253967056976e-01	1.337071424425485544e+00	-4.146989791342059917e+00
2.877557385739010765e-01	1.339471800661785172e+00	-2.864639017986002845e+00
4.656369817014525125e-01	1.586730397561807671e+00	-2.154761422383682401e+00
3.507128236127342036e-01	1.314660452094133181e+00	-3.779332165606135607e+00
4.485610223308681421e-01	5.217194240779998715e-01	-3.716179652347364915e+00
6.381765469824453030e-01	1.864096566016603340e+00	-3.123505030102955438e+00
9.939235368649335101e-02	1.508516815524442389e+00	-3.365348698731599253e+00
1.660345913531645623e-01	5.910679728103394037e-01	-3.797164068592839392e+00
4.416013601917179177e-01	5.715760975854554671e-01	-3.904542765665497850e+00
3.052990876053570668e-01	7.599428913309442812e-01	-1.526703573968536620e+00
5.393829733555193240e-01	1.461163447562950024e+00	-4.930038996255803774e+00
4.536807656309062575e-01	1.165952038683124581e+00	-2.872150804469367991e+00
3.628513354920974154e-01	1.643375892064482091e+00	-2.611998144047209536e+00
8.006368066557451035e-01	-7.342042273071802683e-02	-3.794665140726949382e+00
4.119349679911652462e-01	8.476441511316054056e-01	-5.975727824652285136e+00
6.019947636277815928e-01	1.197758027098791533e+00	-7.752739467687515429e+00
6.205883826499887235e-01	6.283837458789149899e-01	-4.331832318721827946e+00
5.055145797162847732e-01	1.416366203672822177e+00	-4.634842595781350383e+00
4.111707118690743346e-01	2.326691901047648336e-01	-4.843882689606632930e+00
3.635624000500150554e-01	1.923210582460727514e+00	-5.223149700587780941e+00
5.158190844368047978e-01	3.187470171751760617e-01	-6.080584518190896404e+00
6.047073319277480596e-01	4.327860946799398922e-01	-4.887481275425515470e+00
3.895287802131109367e-01	7.945286539772629109e-01	-3.945630199066400223e+00
5.825408753548024787e-01	3.650664677329237828e-01	-6.141388792332593383e+00
5.129150611226779288e-01	5.750483004745617910e-01	-6.724772635120395137e+00
5.977094012075711005e-01	-5.620970701052236951e-01	-5.874580492252134967e+00
4.648743045931669760e-01	6.829417801199672011e-01	-5.585946675488626667e+00
3.293463295925127543e-01	3.575357613431767723e-01	-1.849613555023787104e+00
3.421746455611440196e-01	7.372636563229206796e-01	-2.910872918912589036e+00
2.704779717369013015e-01	5.948181567995327601e-01	-4.443699039851487953e+00
5.476306870362106505e-01	5.224959303541513167e-01	-5.205831738219690585e+00
6.920518315002124332e-01	2.448655238486362740e-01	-4.978282652131744257e+00
4.542488945888627505e-01	2.324005353210882863e-01	-3.815087144596355451e+00
4.188851605726466309e-01	7.193956691533361925e-01	-3.936555151980622114e+00
3.434955529866975943e-01	3.940772234863877954e-01	-6.154024792952272449e+00
4.794747212772048073e-01	2.655549948226226253e-01	-4.155799829051956884e+00
4.579158121742309406e-01	5.492724109714607339e-01	-3.461156759117494097e+00
6.180575550691933540e-01	2.233450750719893629e-01	-4.423284911282282295e+00
1.064090933938070527e-01	1.487813570888900094e-01	-4.405062794226593859e+00
5.129624944854830337e-01	2.733272118358742175e-01	-3.054450628015140445e+00
4.890940783056258456e-01	6.219533308256147697e-02	-5.887842970654511454e+00
5.261182310013317043e-01	-5.936546282828883969e-01	-5.145649256441296338e+00
6.499663471275204385e-01	1.904147394742404520e-01	-3.915545293872271682e+00
2.817663923860236896e-01	1.015119010973947189e-02	-5.981923349417280988e+00
6.031290741057784288e-01	-3.726946835673406455e-01	-5.928559470187468428e+00
5.697430560751477469e-01	5.289179321389899657e-01	-3.997832958128642922e+00
5.826689088046639320e-01	-7.041332942062145106e-01	-5.359190701389644929e+00
5.884021475115870370e-01	-5.140377670616634864e-01	-5.390860240705267259e+00
4.475840171238972820e-01	1.469522955534667830e-01	-4.125689884074576597e+00
5.640305492925763442e-01	-4.700904004318529061e-01	-4.879500242005144983e+00
4.263912379553566612e-01	-2.437969917984885715e-01	-6.199881616585951605e+00
4.842792901178254450e-01	-1.040839551582744660e+00	-4.289337010221466073e+00
6.122138278627778929e-01	1.389362937133590270e-01	-3.424674906194451474e+00
1.459543072483338588e-01	-5.821236950318032788e-01	-3.780241585640524704e+00
6.045562378565206840e-01	1.194690431510140594e-01	-5.905862242559520858e+00
2.736731813667359070e-01	-8.055413986367434553e-01	-5.873556953859512930e+00
3.343331693496256474e-01	-9.293955861568009569e-01	-3.917029033259542992e+00
2.285836402509510701e-01	-5.285651971565413776e-01	-3.843359340775106769e+00
2.743822626202213621e-01	-4.814154267439932355e-01	-5.608114175751531150e+00
6.860802934895747773e-01	-7.544289122791364433e-01	-5.888255142356408456e+00
6.781966777340372454e-01	-5.805420117894510845e-01	-5.346052573058796220e+00
6.705219837409601702e-01	-4.072123805901212146e-01	-6.200930684922016489e+00
5.891561493503255642e-01	-3.703884024138991427e-01	-3.838083574378214902e+00
4.884793312809369570e-01	-4.247997440956921000e-01	-3.775172009372604887e+00
4.912799387610020663e-01	-9.535525378778194616e-01	-4.038545388916652712e+00
8.353577525386058911e-01	-6.205523583577284841e-01	-5.893794240059690992e+00
5.348365222383917317e-01	-1.692407115879748791e-01	-4.692265578970150841e+00
5.805972111165135230e-01	-9.007852438563349606e-01	-6.672959677231754760e+00
2.568324602586759542e-01	-8.917837550209191111e-01	-2.162324570658758827e+00
4.283054222077678497e-01	-6.382741565883759405e-01	-8.340907132787842571e+00
2.402430366153981423e-01	-4.315247532986000722e-01	-4.165026331963251671e+00
4.964787197481767000e-01	-1.116076825427052110e+00	-5.204432963999437334e+00
6.451976029176291760e-01	-1.125645293454312190e+00	-4.417111474614717537e+00
4.802174464057810677e-01	7.649162852175201976e-01	-5.337648066382197243e+00
6.436364634467414136e-01	-2.043953039085139034e-01	-7.230668122544425813e+00
5.842833169518041325e-01	-9.259933936324529213e-01	-3.388950079483746602e+00
3.714476283257505118e-01	-4.931217781228794950e-01	-3.603587161713934783e+00
6.182487034088390843e-01	-8.064286293321526466e-01	-3.292418299744112709e+00
4.703677381128726354e-01	3.757835929607408199e-01	-3.536702252570597782e+00
1.409719215744996701e-01	-1.193567591973087705e+00	-5.542013530219859874e+00
5.713206219057742619e-01	-3.783976258623925615e-01	-2.471415139446819786e+00
5.028583922994138700e-01	-7.130057911608013166e-01	-2.446929286815382021e+00
7.812677838295521981e-01	-5.731956770232774501e-01	-3.895657851572465358e+00
1.711075897311422067e-01	-2.543317680111005785e-01	-2.477810524529793668e+00
5.436139957853246552e-01	-6.977781275690464469e-01	-5.747346006656840700e+00
4.620394818941604975e-01	-8.806491299647686288e-01	-2.841639077434384042e+00
3.689038824592043575e-01	-1.368175875664116026e+00	-6.204104180539057545e+00
5.093095575684808418e-01	-1.355995552421610073e+00	-3.819352212657398660e+00
2.091219095095080693e-01	-8.849817541609114047e-01	-3.327014272013645080e+00
4.953712709944837478e-01	-5.230491696086077003e-01	-2.244402181967626753e+00
5.471653467513509783e-01	-2.023396989303221538e+00	-3.142478709686269411e+00
3.030371721638482341e-01	-5.116326433254464456e-01	-4.014563897448088170e+00
4.994344199363726089e-01	-1.032951679323717453e+00	-5.117063038234493710e+00
6.142445214439025136e-01	-7.894558659834867154e-01	-3.252224924245956661e+00
2.140491127917967806e-01	-7.349499191234141193e-01	-3.645830344355202701e+00
1.063187986038092725e-01	-1.422900200883704835e+00	-3.639629475839205597e+00
4.916495120798829443e-01	-6.967294311967573428e-01	-1.563141461311980951e+00
1.621321345902149158e-01	-5.369283515321762179e-01	-3.647856931922978774e+00
2.504103557834432836e-01	-1.237806713685056570e+00	-5.039582053512478232e+00
2.866571518319120937e-01	-7.482485857530238871e-01	-2.838994003476582595e+00
4.044414611404877902e-01	-1.138652055499897120e+00	-1.868677046395956554e+00
5.404709207447843111e-01	-1.419474590355276122e+00	-8.015508792304015806e-01
1.644085479917334058e-01	-8.955589971530693028e-01	-2.855892349635947625e+00
3.917455224267852865e-01	-1.024079542187969150e+00	-3.213234557821753157e+00
4.156538888314152413e-01	-1.138758951502803818e+00	-6.817949802234083201e+00
1.397671902697443236e-01	-4.357162297914425331e-01	-9.455664320046031079e-02
7.024534587514486006e-02	-9.533938127043564137e-01	-3.693654931229575666e+00
3.778267841506892655e-01	-1.269859531408093378e+00	-3.428568669868793606e+00
5.735826328186869327e-01	-6.620101726502872763e-01	-2.239999188110896711e+00
1.510284171293299338e-01	-8.068411386112989137e-01	-1.886503407885116168e+00
3.555089525606315304e-01	-1.394390169719604611e+00	-2.076496750868165542e+00
1.016064245974824809e-01	-2.004383764026034687e+00	-4.674166943278931896e+00
1.380578721456634239e-01	-1.270746771021904920e+00	-4.007619092156968321e+00
1.982551407949117439e-01	-1.312045366383413514e+00	-4.090604963577090913e+00
4.488204490182756690e-01	-1.716829605698372507e+00	-1.861474565040261986e+00
2.877630885493622226e-01	-9.649793587204602563e-01	-2.469762980280982401e+00
1.535730824738813505e-01	-1.217770649342699407e+00	-1.535627894031673435e+00
8.290997961474422251e-02	-8.940625387594652862e-01	-3.027731054878817218e-01
3.320435987055331828e-01	-1.382844437257199077e+00	-1.890094847010425738e+00
4.524197305728415719e-01	-1.223449350640754218e+00	-5.242112616129355196e-01
1.778697388730489659e-01	-1.528274621315972581e+00	-1.921164866417008010e+00
4.904983231612033978e-02	-8.977733322421496132e-01	-3.798845995646002116e+00
1.204550734887373936e-01	-1.618695748038095017e+00	-2.200474597474128213e+00
1.089189802126646206e-01	-1.103794172607872159e+00	-4.654680017337627262e+00
1.605510469203865198e-01	-1.881068674074321656e+00	-3.290359218384129480e+00
2.209925155645556527e-01	-1.599664030836515538e+00	-1.007128687731080774e+00
3.685882075638643451e-01	-1.537844749773463970e+00	-1.614689921868133426e+00
7.585399194272132717e-02	-1.704993645380164846e+00	-3.125854933642162603e-01
1.899176964265105183e-01	-1.722070708004318274e+00	-2.681328516307104337e+00
1.231579200926615492e-01	-2.283245763499826442e+00	-8.732151661374518703e-01
1.094296677237755755e-01	-2.196135383402612717e+00	-1.790633213779516897e+00
1.523475569961677545e-01	-2.078284419639262026e+00	-4.059395152239018145e+00
8.493578388345368602e-02	-1.298290698826324308e+00	-6.151845685728360991e-01
5.433534118548652425e-02	-2.216041539433827978e+00	-1.385567481147030433e+00
3.170566445132638744e-01	-2.346994150218733921e+00	8.495089713854473423e-01
-1.337123259459898905e-01	-1.964703076016768968e+00	2.624013076753335394e-01
-3.577434090026516689e-01	-2.013431631088739682e+00	-3.529496758091364317e+00
2.225395696852654759e-01	-1.681563112423495987e+00	-3.392946035796224891e+00
3.411214145043731660e-01	-2.149316247090733878e+00	-2.268752944024733376e-01
3.882139140807907424e-02	-1.793975976331809719e+00	-3.083131352430634742e+00
4.100190775413153355e-01	-1.992664744434250013e+00	-3.259698430964697469e+00
2.957592930068884129e-01	-2.017673587633944443e+00	-1.314403945301233723e+00
2.894327180722609805e-02	-7.476468557880473487e-01	5.877937121254255270e-01
1.486597956007812416e-01	-1.922452579357643465e+00	9.573915276122257900e-01
-1.142752365379441359e-01	-1.045029207801871030e+00	4.208368658129889583e-01
-6.997621282346190574e-03	-1.816998905879097848e+00	1.101374077868366719e+00
1.263584417015958805e-01	-1.569213549373863703e+00	-9.872959889780547060e-02
1.849311940459782283e-04	-1.334584666420260302e+00	-1.230325811936496816e+00
-2.617387364047829568e-02	-1.820498075296324680e+00	-3.421476525415370062e-01
-1.597027001224471388e-01	-2.387126407205814704e+00	3.656367168252915717e-02
-3.147798119499753411e-02	-2.490735134611789636e+00	-4.813675178974982094e-01
-1.153030492365038906e-01	-2.407486482787302151e+00	-7.970466480183671099e-01
-3.342124999320503914e-02	-1.697670447263569304e+00	-8.019696217115235282e-01
1.233528427350952250e-01	-1.927606338502114047e+00	-1.571193009004230090e+00
-5.439392957223412317e-01	-1.315083737317244372e+00	-6.889548654640145209e-01
-2.393901162067928190e-01	-1.699154997947624812e+00	5.038440240624303401e-01
9.126072297676895984e-02	-1.867641877561992070e+00	3.425235267364705294e+00
1.391949394443627031e-02	-1.140561693386320963e+00	1.456604671898102943e+00
-1.209976683638248340e-01	-1.078762133286145009e+00	1.361868378152326642e+00
9.013435215427910430e-02	-2.020183135583827116e+00	3.543260294219163220e-01
-4.553205057332252587e-02	-1.957374552033091852e+00	2.377545938691598693e+00
-3.004657907461577016e-01	-1.019227223940848415e+00	1.920897796733793239e+00
-6.867170917723089407e-02	-2.083955404959995317e+00	9.155362896352829960e-01
-1.135995231156871482e-01	-1.496740386751951979e+00	3.823230313963856819e-01
-4.238778141104765362e-04	-1.552148762364059520e+00	-4.673293625480501312e-02
-8.776685148807429615e-02	-1.109388560775469657e+00	3.119720886194017773e+00
-1.878819791204623946e-01	-1.570817338570267285e+00	2.671958903225622350e+00
-1.893920223630575495e-01	-1.443939938724690508e+00	-2.737281062678600385e-01
-3.547155392724574696e-01	-2.211791902201841076e+00	1.305315465287398391e+00
-8.301542011279429423e-02	-1.028264702397723385e+00	3.035595740447592839e+00
-4.225414064447398088e-01	-1.089784854037223027e+00	1.725476178196174271e+00
-5.902823138070463493e-02	-2.712212890167850610e+00	2.050255764778381451e-01
-2.251103388408144390e-01	-9.391257992348931438e-01	3.054678039950523782e+00
-2.185750573660960039e-01	-2.192971094092309059e+00	1.290155460312431668e+00
-1.630624068175246799e-01	-1.655388896341843274e+00	-6.764385813534321557e-01
-7.152700281181240127e-02	-1.465990150678523340e+00	1.241904404316849675e+00
-2.013704166114062277e-01	-1.573752363256321951e+00	2.148147856477693463e+00
-3.506581964236972215e-01	-1.733509501627429561e+00	2.920989229683079724e-01
-1.469632748714124193e-01	-1.492600322548485847e+00	4.679474115146732061e+00
-6.521819704789353356e-01	-1.969405503254976431e+00	1.852624154537830581e+00
1.245779237627659408e-01	-2.078754754633066693e+00	-7.318327865078075867e-01
-3.274521994503382105e-01	-1.997587957616504539e+00	2.592012539674158678e+00
-5.252894784721000576e-01	-1.478068410014621081e+00	9.271833441797703301e-01
2.190005610580556539e-01	-7.834640500825756915e-01	3.971753569156150299e+00
-4.335315442100550754e-01	-1.397784781042790136e+00	2.661705839875472268e+00
-1.235463550280823108e-01	-1.721833411051698626e+00	3.978615048055793579e-01
-3.620035938806356324e-01	-1.121851868978519962e+00	3.290617562604346791e+00
-4.236576922644852972e-01	-1.083799690734168042e+00	4.132347636637622834e+00
-3.021850057445912840e-01	-2.127674393704841016e+00	2.542975625459472422e+00
-3.690815507720189848e-01	-9.312987419211431472e-01	1.080093759375347906e+00
-1.673224651472599578e-01	-1.649505389687108803e+00	6.772123919479069443e-01
-4.020305379499005682e-01	-1.454695347186187648e+00	2.842850495024882296e+00
-2.932889686018276265e-01	-1.195830320815355563e+00	3.861861609556109354e+00
-7.043659036917004901e-02	-1.282025616402304280e+00	3.587730457848988141e+00
-4.182753876119309489e-01	-5.275692917471547227e-01	4.810398721980714498e+00
-1.723117627873262947e-01	-6.762869605888068847e-01	2.804118969370206660e+00
-2.656598328819633759e-01	-1.061562828485996590e+00	2.182193607578804873e+00
-2.647190313630970460e-01	-1.468418875213647112e+00	2.349529274486441111e+00
-1.991681346423526122e-01	-1.859127864341397984e+00	5.412680664876220682e+00
-3.311856199533311784e-01	-1.176058705038240726e+00	7.175348638355616870e+00
-5.940242703180763639e-01	-1.316152635984245922e+00	1.548814292692116013e+00
-4.307337920006654719e-01	-1.372393732512598330e+00	1.531797108140934061e+00
-4.231712372212921291e-01	-9.497633097173954209e-01	3.443367387752100495e+00
-1.502062589442922369e-01	-7.944166638316909612e-01	3.527125390361423030e+00
-6.135564343969375223e-01	-4.878693596348582240e-01	2.727563638404911117e+00
-5.910656906474041072e-01	-1.206310090930556411e+00	5.389684702872950872e+00
-1.490919000864279753e-01	-1.319385244464700957e+00	2.751451178797799102e+00
-7.435252154780082057e-01	-9.204872019217278378e-01	5.550356763424378670e+00
-4.249639794909215729e-01	-1.045842141601176944e+00	3.505722223591361875e+00
