angle	angular_velocity	angular_acceleration
5.782988727669814422e-01	8.640471434831307196e-01	-2.234162682396880761e+00
4.655303395095720109e-01	4.432869156970453695e-01	-4.602607108283037540e+00
4.317046244489536888e-01	1.454826853402904074e+00	-2.208753603489962192e+00
4.183141831741083450e-01	1.050428132881841892e+00	-5.939915282964133958e+00
7.400578273860760614e-01	2.119383903987241691e-01	-7.174812307577143500e+00
5.284575629958908616e-01	3.135001592889500865e-01	-6.989092765754042702e+00
4.179507432606547335e-01	1.952557782467497782e-01	-1.032635063413921195e+00
3.220585742453307976e-01	7.586880781900546822e-01	-5.876088954832686895e+00
6.324934587948910503e-01	-6.349271452167769558e-01	-5.139577924873753645e+00
4.040730198274076201e-01	6.766400919516837309e-01	-6.243921204407739012e+00
5.699663616157029100e-01	4.590099453314143707e-01	-4.950529750561306841e+00
6.668926140008873960e-01	-5.638341612069251996e-01	-5.083750377430601652e+00
4.456457294882459896e-01	5.426237214869299441e-01	-4.173204379180206480e+00
7.359334764489134928e-01	5.605224140748128470e-01	-4.518320950717444440e+00
5.799536134795817421e-01	2.805695431503403836e-01	-5.286303880903465924e+00
6.532625637654734252e-01	-1.464364699095242195e-01	-4.060983826010884812e+00
4.896694162514110826e-01	1.312808934276687434e-01	-4.671029549825520100e+00
4.456738820178899330e-01	5.626570388995193461e-01	-3.653286586681910642e+00
5.404175832858755246e-01	-8.086428873456356081e-01	-3.841313392651140468e+00
2.946396144580605836e-01	-2.027473918725175295e-01	-3.898911438390704198e+00
3.023295845273973881e-01	-7.228965655988025540e-01	-3.448097533143168469e+00
5.891095407786524074e-01	-1.133424411744290289e-01	-3.504558624322156479e+00
2.228096696237213403e-01	-4.165471896573293975e-01	-6.674511490136498360e+00
5.725391519468112644e-01	5.767204821350654376e-01	-3.416443933986048620e+00
6.493086148859682494e-01	3.613754373152902044e-01	-4.496882362355087537e+00
8.693930563347714857e-01	-1.974397139273772195e-01	-3.937845492591905305e+00
2.790331407676465147e-01	-5.990792728455796023e-02	-5.014332091246244794e+00
7.670366948292418607e-01	4.885604946182030006e-01	-4.580934534996952578e+00
5.576940464297741595e-01	-3.891438175444089653e-01	-7.650883506903129572e+00
6.440834250565493635e-01	2.933367867988074806e-01	-5.131276626519635009e+00
5.592106996064394320e-01	-7.861919032514516625e-02	-3.439101463080706189e+00
4.058816088858657189e-01	-5.823400443314923347e-01	-3.455388818357205238e+00
3.634881629221001775e-01	-1.647164509858993209e-01	-4.638162780328855206e+00
5.807233305778151111e-01	-4.151531612726313547e-01	-5.901131918068756477e+00
3.738435718313127820e-01	-9.951667824400491913e-01	-4.448958918624258629e+00
6.427407470872087414e-01	-6.508693964337397553e-03	-3.271897341446914798e+00
6.091454206537504357e-01	-5.539779192131183416e-01	-4.307411262955968212e+00
6.211231657369659098e-01	-5.253858997902445260e-01	-3.410759162716033188e+00
4.361240248499567151e-01	-5.998615697337352781e-01	-1.725040264621322983e+00
5.650702801857316881e-01	-1.307172778570570015e-02	-8.113414994862683471e+00
5.584370492283595722e-01	-3.072739129455088758e-01	-5.014093683230764320e+00
3.517969584069784439e-01	-8.663000539948593204e-01	-4.163613042692675847e+00
5.870996655545042131e-01	1.472072916281058630e-01	-4.988512170546922420e+00
6.141125628325548869e-01	-4.458125176625861164e-01	-5.574406704715045180e+00
8.565946923778244848e-01	-6.039661794380699611e-01	-6.454786703551599558e+00
6.605234826625931976e-01	-5.659649971457788586e-01	-6.855024817604459031e+00
3.707687676952612366e-01	-1.350140004971001950e+00	-6.788500923006099974e+00
5.827471517492547326e-01	-1.446788802637005045e+00	-6.101629182922236438e+00
3.547041969721833055e-01	-6.511999633352625327e-01	-6.004345964224616417e+00
4.236072575804964435e-01	-9.507892546085192631e-01	-3.507211800184290684e+00
2.741745929736742471e-01	-6.230380194412096229e-01	-5.683501740639156807e+00
3.930907740108977588e-01	-5.595905857538144845e-01	-2.522661203567569732e+00
3.196914310281722127e-01	-8.642316783225125754e-01	-7.251461166038428274e+00
2.653942036546517724e-01	-1.366435203820645317e+00	-4.565017159642655642e+00
6.854564125024259491e-01	-1.123086081129150759e+00	-4.977422579090391430e+00
5.271800777757223999e-01	-8.297167755205967499e-01	-4.764348751694827300e+00
4.682033910777461672e-01	-1.248713933944640475e+00	-3.978197857857114883e+00
1.384661721030855386e-01	-1.122041832422196350e+00	-3.355059985021751956e+00
4.091460761772631738e-01	-7.001357932124618877e-01	-3.981626210966143553e+00
3.284011052761259819e-01	-3.256638501319586432e-01	-5.128844515541777227e+00
3.025260182571292145e-01	-1.612862108392342897e+00	-4.691641638961719707e+00
4.471786906291314589e-01	-1.470957964247553651e+00	-4.455633494831148234e+00
3.897554603523641914e-01	-1.416714857967007468e+00	-5.070011807065744058e+00
4.226718284185567165e-01	-7.043541019262551384e-01	-4.856374091360082801e+00
4.298496759091707808e-01	-1.539409694621588054e+00	-5.048494328605380943e+00
2.182703487365243999e-01	-1.235112499879690517e+00	-2.542641664519051048e+00
4.027541598501520603e-01	-2.211609278759837593e+00	-3.288593545911829175e+00
3.764318470549007367e-01	-8.617048402579016164e-01	-5.511594980080713135e+00
2.648441436797058235e-01	-1.388246493967845829e+00	-4.364108694500365537e+00
4.257869944044690436e-01	-1.853738838122323207e+00	-3.275679279042857939e+00
4.328869180764239877e-01	-1.565578371574856797e+00	-2.189137611561148944e+00
2.204306359705439367e-01	-1.163485900125098338e+00	-4.225878299395080973e+00
4.548327499258906781e-01	-1.052639237755783608e+00	-3.679014745136039988e+00
3.041426621756068149e-01	-1.094053925485200862e+00	-3.447784324648486276e+00
3.655948211107002410e-01	-1.667176137551167781e+00	-2.156192340519609285e+00
2.350358869422840002e-01	-1.361586810230723588e+00	-2.973961108060226621e+00
2.178150278114931726e-01	-1.208694369820170422e+00	-4.938799550309423303e+00
3.680030589807293251e-01	-6.389704755268907910e-01	-3.448331127718642808e+00
1.967141905100836252e-01	-1.442319823496452713e+00	-2.633770806381082075e+00
2.583430281813626772e-01	-1.728645178761579082e+00	-2.619346697392795242e+00
7.486091518075099760e-02	-7.878690784388024948e-01	-4.412130028493352896e-01
4.182046848405316930e-01	-1.084588963237999248e+00	2.054927614470649644e-01
4.259554303512575468e-01	-1.720761785189133031e+00	-1.897898769533022501e+00
1.894864738594828624e-01	-2.082599623457537241e-01	-1.901176050800470030e+00
6.259439313913046643e-01	-1.626336919798165859e+00	-1.317245000399287491e+00
5.104075570709477594e-01	-1.284262306241866547e+00	-1.123622930932756780e+00
1.016467709777506279e-01	-1.369021982089274170e+00	-1.566492753448065489e+00
2.932911309091921770e-01	-1.249006118788225761e+00	-1.870104122263951840e+00
3.355378762490114908e-01	-1.125028348110281629e+00	8.998564207196717568e-01
3.738875289423775894e-01	-6.468488070615107111e-01	-1.151812430585634539e+00
2.517176974249030197e-01	-1.259443957841724915e+00	-3.347718847715548840e+00
1.298347813872406942e-01	-1.805732753370385746e+00	-1.842307248811882125e+00
5.576936970024195528e-01	-7.985018620955254276e-01	-2.937810382665171360e+00
2.062734017817576537e-01	-1.368308470633388563e+00	-2.959713530290522421e+00
1.908188677078370421e-01	-1.853939593042068790e+00	6.729007229919079514e-01
1.879440051412642476e-01	-1.533111827782638104e+00	-1.100750398323874446e+00
2.000158446561303982e-01	-1.043443121855733402e+00	-3.081703467882586978e+00
-1.107856413076871438e-02	-1.616144424157947235e+00	-5.527119775967581639e+00
2.047550804459997154e-01	-1.923962086118709225e+00	-3.564344525526342622e+00
2.838180988161932428e-01	-1.413430996049273247e+00	-1.957453438794252154e+00
3.376827239050854690e-01	-1.059640280791651179e+00	-1.029251735277216362e+00
1.076809449829532889e-01	-1.421244648247210307e+00	-6.256136087277948121e-01
2.198496526986116750e-01	-1.804384072108475179e+00	-1.491430753458700131e-01
2.890075885874405781e-01	-2.066824355256517087e+00	5.968031210976321166e-01
-1.005365179731915748e-01	-1.491625694883501607e+00	-1.425305235688009819e+00
-1.292354518900253324e-01	-1.796183396049407577e+00	-7.685403187128447833e-01
2.485683103717360176e-01	-1.277357290555278579e+00	-1.146404076890704005e+00
1.479811375517923466e-01	-1.361271073824889211e+00	-1.839351794805238249e+00
2.648243838433483877e-01	-1.514131934057707962e+00	-2.021488675496926568e+00
3.393876750701352307e-05	-1.516507572251178049e+00	-2.633323628016577267e-01
1.318416735035103649e-01	-1.040602145149929658e+00	-2.947844037800992467e+00
4.578958514187971007e-02	-1.595777273001488528e+00	-1.128304714630750993e+00
1.489007370952080134e-01	-1.101501915521614139e+00	-1.770199185575239698e-01
3.138924798014566808e-02	-1.443548422893646599e+00	-1.401482325251873773e+00
9.110007016670598756e-02	-1.570469072203254379e+00	3.491892640423754912e-02
-2.678819032696778124e-01	-8.881733837527325814e-01	-6.920162828292675261e-01
1.264881889623566957e-01	-2.014243561771452029e+00	2.951490748591128810e+00
1.047133826277606844e-01	-1.983184005292188745e+00	2.001753031589841858e-01
6.931766883772076671e-02	-2.194931149106341017e+00	-2.612043658292203530e-01
-2.991126658778303637e-02	-1.635570473952513426e+00	3.971808496914621678e-01
1.622584050072431172e-01	-1.544964379246210884e+00	1.123368880150606541e+00
3.312255524595439926e-01	-1.728103901046347701e+00	-3.115079413310735124e-01
1.309798942554873113e-01	-1.641674944341416031e+00	2.920415970307427500e+00
4.065443190982255539e-02	-1.321757928188891817e+00	2.162830399082866784e+00
-1.118592387248145970e-01	-8.865047698113205366e-01	-2.017185906099104642e+00
-7.536915575310161597e-02	-1.317049487112599060e+00	-2.727071137882508545e+00
-2.690942551848114483e-01	-2.194375222869567210e+00	-6.399002810927481022e-01
-2.706746400862648505e-01	-1.242771186175885223e+00	1.760776771685600872e+00
-7.023950258059279139e-02	-8.441438479334874012e-01	1.026388780497224484e+00
-6.777849183643690212e-02	-2.225637670103715049e+00	1.945937768529398593e+00
2.592073793455971220e-01	-9.598506188296888064e-01	1.459208998075056218e+00
-3.035872585841453003e-02	-8.337695123476852599e-01	2.534404632533908686e+00
-1.375443191480930638e-01	-6.208638269596761239e-01	1.340322472744381876e-02
-3.773856476686717615e-02	-1.060758549835036924e+00	1.894418518248503602e+00
1.345341745474992745e-01	-1.703692043785333787e+00	-9.929382473258221431e-01
-1.918499553014544612e-01	-2.150899532744039444e+00	3.658196839513150334e-01
3.719884562877234790e-02	-1.415923485205687449e+00	-1.498474653261403500e-01
2.854017674756871570e-02	-2.008399862585782181e+00	2.792765992479992132e+00
-1.480127810684879752e-01	-8.757653684594605137e-01	1.000886440746143080e+00
-1.471341287125902675e-01	-2.227536966809292807e+00	-6.816377676222873383e-01
-1.879298966321077957e-01	-2.542395609207688700e+00	1.913740217251694187e+00
-1.715897760882682810e-02	-1.138297592505391975e+00	1.559373661615663931e-01
-8.654023577820030289e-02	-1.036809879995588268e+00	2.395293929035929192e+00
4.703660801034958983e-02	-9.626476234851495395e-01	8.383070120883795440e-01
-8.539662499896734371e-02	-1.764130350460650032e+00	1.771225969102612208e-01
-1.699109170099976085e-01	-1.480311722327547930e+00	-3.090486456475538546e-01
-1.169846848935957029e-01	-2.151123191511329580e+00	3.815566532086578810e+00
-8.026027983430199242e-02	-1.950227452732866684e+00	4.344351160696813707e+00
-4.517942908112023703e-01	-8.855239561167890239e-01	3.130631123924128012e-01
-2.828155155189926995e-01	-1.099530884596512603e+00	6.624432314940220667e-01
-3.206985865379162748e-01	-1.541083499522973188e+00	3.063414719903485128e+00
2.330867858355382960e-01	-1.401078524232074907e+00	-6.570560219420849002e-01
-2.792501326340584011e-01	-6.993459000704824735e-01	2.203207125137799149e+00
-3.059436551825788220e-01	-1.852587874592413364e+00	9.986576559598847602e-01
-9.006565367814822753e-02	-8.556889327067971340e-01	2.206181833542144588e+00
-4.556244528853717890e-01	-1.530915353627493536e+00	4.131489447266863735e+00
-1.865052195825123438e-01	-1.411160294844378438e+00	2.183731144866911666e+00
-5.050042980817287530e-02	-1.612729326380685002e+00	4.017344954026432546e+00
-1.594333866312689363e-01	-1.821649992838210164e+00	2.562804541425559357e+00
-6.736660028360164088e-02	-9.430828903976372635e-01	3.896152501236989529e+00
-9.163114609924374876e-02	-2.404377806938961193e+00	4.196469241505649705e+00
-2.943622001181581682e-01	-1.163891459467241152e+00	4.370085276909732031e+00
-2.811048698719444960e-01	-1.380541728160447290e+00	5.162940189530239365e+00
-4.917732910666877677e-01	-1.222213555899318127e+00	9.228577687016019659e-01
-3.450211028893366283e-01	-8.723097047463233000e-01	7.649178688827276140e-01
-4.018419386656965631e-02	-1.188500039805453712e+00	2.726235954768801761e+00
-4.869508286909915995e-01	-1.016783844055634045e+00	3.950305901500909656e+00
-2.437586083158545525e-01	-7.640660027440813185e-01	6.671674714430282371e-01
-2.940581496233354852e-01	-1.717329613115337494e+00	3.842561367762246327e+00
-2.141388760796417712e-01	-1.388293733168349142e+00	4.300091820514161611e+00
-3.954197956661781310e-01	-1.090446906113518466e+00	2.483133708434913878e+00
-3.925069693076589927e-01	-1.796202608602186057e+00	3.377074997949072177e-01
-2.758159492241341604e-01	-1.413061407724117258e+00	4.029651555285632902e+00
-3.741015101754908145e-01	-1.040812962009839193e+00	2.797594180511500994e+00
-3.459796230562530162e-01	-1.059912660916361604e+00	1.634605202421857362e+00
-4.021992457871348403e-02	-7.770205537644385707e-01	1.767381862645321933e+00
7.029634051343724988e-02	-1.407151444346626423e+00	5.403511156135395233e+00
-4.177438718105469517e-02	-2.150482990284481311e+00	5.511452353014558270e+00
-2.082991073096276124e-01	-9.092442373740430295e-01	2.227079064539349229e+00
-2.400450602679885526e-01	-1.221675808893186277e+00	4.395516834403222717e+00
-2.887679317525362888e-01	-8.875727348717520337e-01	5.906373146791434436e+00
-3.440528732351240682e-01	-1.337709972147415494e+00	4.218434827774337315e+00
-4.042876304618152616e-01	-5.214866756881604282e-01	2.045207299861498740e+00
-3.160949445372689404e-01	-9.319639791706455512e-01	4.387393484759524398e+00
-1.950516124362756676e-01	-9.281261712340438397e-01	4.433900950198434110e+00
-6.085180996446982737e-01	-7.507668699586078631e-01	2.859685037268472563e+00
-4.599567954938547087e-01	-6.164255301455112690e-01	2.980120795026314440e+00
-4.555102749592694344e-01	-6.357910949248642973e-01	4.775411710751669148e+00
-5.820237913252377382e-01	1.091068583599144048e-01	4.261286311237449276e+00
-5.526245796518272080e-01	-4.666215198941794928e-01	5.607121793936190812e+00
-4.256112851330318136e-01	-9.403504358044426636e-01	2.779325137211180241e+00
-2.150040950121551164e-01	-4.462337113632839358e-01	3.348256866667803422e+00
-2.932573100768989804e-01	-1.899038856625440808e+00	2.703921810303262951e+00
-1.709063402340699755e-01	-3.333074926666100835e-01	3.027480601810381700e+00
-3.809690810156070029e-01	5.003231619113529538e-01	3.875073637042653285e+00
-7.021627650280861666e-01	-5.811757998309201589e-01	4.920896633291118150e+00
-2.834828291636847797e-01	-1.184872586439441378e+00	3.217608859798315457e+00
-5.928909555799366515e-01	-7.783780316680669609e-01	2.953955817077111412e+00
-3.802857623521882502e-01	5.804588282545691813e-01	3.351010146084294927e+00
-4.601824485570417123e-01	-3.622177958866215630e-01	6.489298282398236140e+00
-1.979207083780558096e-01	-4.150063606161874530e-01	4.611315847203988127e+00
-3.590108988245435673e-01	-9.956492518678666803e-02	4.200099117801411097e+00
-2.157991331540400348e-01	-8.308000101280718086e-01	1.829307929852201475e+00
-3.945904857645824992e-01	-4.583599375898539385e-01	3.649856075213221196e+00
-3.455899030163165353e-01	-3.663218263078010795e-01	4.858221742556882106e+00
-3.613406204158106094e-01	3.695556823566359395e-02	6.528610680595186899e+00
-4.726994088148505635e-01	-4.295692657151854998e-01	1.418947751072022090e+00
-1.859176307919307436e-01	-6.276022164230860012e-02	6.907280874914272673e+00
-1.703841576938830427e-01	5.287756480374089518e-01	4.826450883212830334e+00
-2.982241614158266385e-01	4.849741674046425532e-01	4.292530360300072623e+00
-5.377130518429386052e-01	5.215686356564589454e-01	4.937591193800740186e+00
-5.464518941345680725e-01	3.361874095998144130e-01	2.243750195152073523e+00
-3.203072436425362657e-01	-7.087944416559279759e-01	6.120151921856642474e+00
-6.197153348486273972e-01	3.071854563019678075e-01	4.848244662867140065e+00
-4.517717577277370333e-01	5.378606301482133922e-01	1.431023444625345142e+00
-5.232589945293896205e-01	-2.151083875028914072e-01	4.853297408919159395e+00
-5.013294254452266285e-01	-7.398568785392400926e-01	5.271003430058017969e+00
-3.794177367396057710e-01	1.117288529014631715e-01	2.577888442054212081e+00
-4.592230788299666022e-01	-4.456556207068822495e-01	4.528865111533584731e+00
-4.612823568116785622e-01	2.438565322118140810e-01	3.154142804344962414e+00
-2.917539988222822567e-01	3.036757118033690805e-02	4.755378731852912821e+00
-6.134063933582023509e-01	-9.121201677208132796e-01	2.914420658728298807e+00
-4.798413999170011435e-01	4.539116655564334746e-01	3.926014448024242043e+00
-3.924476163101675574e-01	5.727802401430491797e-01	2.224679338040459253e+00
-2.757971906913471161e-01	-4.499226361283930054e-01	4.205096159318218341e+00
-6.307488187115825040e-01	4.034852339916573938e-02	3.459377662031890566e+00
-3.992638934010476759e-01	-5.750995466138678625e-01	6.807369193237312821e+00
-2.977161400809180680e-01	-3.738098194559235088e-01	5.744708592522155044e+00
-4.962568040095068356e-01	-1.551931702534117552e-01	3.767671970949617588e+00
-4.464511913685619282e-01	4.124521861046772653e-01	4.204941734524998864e+00
-6.046343879462976467e-01	-7.377743759130173107e-01	3.320906412824396803e+00
-2.885216999783973835e-01	-3.951202483443102542e-01	4.430287027258311916e+00
-8.409336364232350425e-01	3.890955407749878692e-01	1.181245002304203151e+00
-6.149163309551147760e-02	2.832037363462782120e-01	3.843941068145083850e+00
-3.254773126307415887e-01	7.525210534530000217e-01	5.460442849925916775e+00
-4.882811425674432604e-01	9.787299023464107739e-01	3.302284382725149570e+00
-4.145036459324257794e-01	1.748118829485257875e-01	3.027844939759994691e+00
-2.932843699380146552e-01	-3.825868959206322195e-01	2.786034396419694303e+00
-4.235886931958672275e-01	1.154995896882942352e+00	2.292369209922385576e+00
-3.692813514801426278e-01	5.458280138903510714e-01	3.522071377456772456e+00
-4.173892014108708803e-01	-1.581445222880395463e-01	3.643111843677566242e+00
-4.290427067808420536e-01	7.620613616033669047e-01	1.995917127532462754e+00
-6.297278219821305090e-01	6.364448357956985491e-01	2.311747403940157763e+00
-2.350785199982818319e-01	-8.516701774944224201e-02	4.945910628499965433e+00
-6.169821148608439776e-01	8.170889160928490602e-01	5.924380066003797296e+00
-4.481536422966551081e-01	2.011023520452545621e-01	4.556899587828326936e+00
-5.133834842837685652e-01	2.146000707766579085e-01	4.439526983554634043e+00
-1.648407098954514649e-01	2.633599588270615355e-01	6.955760639330476280e+00
-4.806035508973260928e-01	7.927148421482345109e-01	5.782834906353783389e+00
-6.112975430034391922e-01	3.776955592038160336e-01	3.886687418109695979e+00
-3.636328253540609956e-01	2.784664133396141938e-02	6.715792925416002035e+00
-6.038031342342554675e-01	8.422299624982536592e-01	4.416494561894605653e+00
-3.223498652971598655e-01	9.397635548049131371e-01	5.627262085895768706e+00
-6.303544397187519355e-01	6.115777851052925929e-01	3.669884285258105283e+00
-2.325299272141851947e-01	7.956787801247799941e-01	1.729076753699742008e+00
-3.791775309617739231e-01	5.898721561771895772e-01	5.150378258955922384e+00
-3.773349581274437203e-01	1.332603798118462413e-01	4.335625185779012014e+00
-6.050109539231935951e-01	8.875064165032955366e-01	1.917477777461732202e+00
-3.305996495504437416e-01	5.877777273177773321e-01	4.266620673373128447e+00
-4.040414094551472712e-01	1.258579092424201296e-01	3.342986350921711036e+00
-4.902793277503819658e-01	4.981299507490433154e-02	2.306688653779869647e+00
-5.230205717635758589e-01	9.163795270894422584e-01	3.362290504384454426e+00
-3.816770729647926963e-01	8.536687481920356424e-01	1.514691575129554879e+00
-5.807769299031303456e-01	6.799419174205718619e-01	4.404311264331847831e+00
-3.612289968574688426e-01	1.592312283167780729e+00	1.625972048979631435e+00
-6.776476862923501709e-01	1.767203828480421457e-01	1.628603199229624154e+00
-1.209566813653115136e-01	6.917387311419054274e-01	1.632963024705662347e+00
-4.113167552222860013e-01	2.256779674430632321e-01	4.974732117232865569e+00
-3.287151736421681791e-01	8.660529662202904877e-01	3.513580535758451973e+00
-5.838646719546934927e-01	1.121688655160800963e+00	5.094710284755596952e+00
-5.299341232324794593e-01	3.052595015114067944e-02	2.711936441709945189e+00
-7.495341088455367284e-01	7.961081095097662930e-01	2.775892981810073490e+00
-3.390503253435949160e-01	1.893463504681933918e+00	8.440547418713326699e-01
-3.570907488381422912e-01	1.222855739482421544e+00	1.489370677103009522e+00
-3.547544160259477053e-01	8.713573674352268483e-01	4.493891169880211756e+00
-3.558080438250001420e-01	1.173772071270902551e+00	1.975507356835137340e+00
-2.111962764892495459e-01	1.446176707147934781e+00	3.967069559806887025e+00
-2.660608123312976359e-01	1.039285314906297497e+00	3.947175179539041068e+00
-2.358432630296449506e-01	1.039854984733476151e+00	3.568987689697506127e+00
-2.742825025397931937e-01	1.082876691340438402e+00	4.375535051394485286e+00
-4.634010064328454304e-01	1.472577636832912651e+00	4.771409888660167020e+00
-4.125827779160974318e-01	6.134287230009634051e-01	5.119559932378715317e+00
-7.876892261015366881e-02	1.149781933620099617e+00	-2.002482719162999025e+00
-1.366669728015338092e-01	1.086890518199150391e+00	4.080513515771269972e+00
-1.928004648749014893e-01	1.482578115345531078e+00	3.927077966288528454e+00
-5.822870694538662129e-01	1.667584428658565265e+00	3.032712214313522558e+00
-2.184765828286602263e-01	7.994627147686714785e-01	1.122822982307362549e+00
-2.169447600727537617e-01	1.376619981316613783e+00	1.616224170966599205e+00
-1.514959775677341691e-01	5.209810916853223617e-01	2.345255565399462228e+00
-3.531099119872171954e-01	4.337351848642232444e-01	1.021393332347637184e+00
-1.961450563648717837e-01	1.079519208926243978e+00	9.879847194695769996e-01
-5.167254768470945780e-01	1.417490207253862877e+00	1.914755876914848720e+00
-2.552882397051535746e-01	1.791568453390113280e+00	-8.010645032581695801e-01
-1.349279778467580015e-01	1.613621705958505625e+00	1.616590325474427381e+00
-3.327652638522352047e-02	6.758279861072526984e-01	1.161545622583398885e+00
-1.138681034277866932e-01	6.977824949530467835e-01	3.733825622598498928e+00
-9.629656434210336069e-02	9.515011448216795786e-01	1.466047228138765535e+00
-5.722748146584411000e-02	8.445523717272782616e-01	2.252844726937694997e-01
-2.852528532863212174e-01	1.670228040100875777e+00	2.862073126381563526e+00
1.239793822600865902e-01	1.484129318237466633e+00	1.604171672882855226e+00
-6.350167461965923466e-02	6.906882414199337905e-01	6.909034304143969463e-01
-2.515545136810063975e-01	1.684116170485503661e+00	2.380518127737563105e+00
-3.539573450403256105e-01	9.822514062586708006e-01	4.646440591277964938e-01
-1.870251878152727754e-01	1.350553521779046973e+00	4.107678807032554502e+00
3.082903700045500073e-02	7.653022088316556726e-01	-7.688032616266544661e-01
1.619329356297755096e-02	4.481602391523789031e-01	5.937347992339706559e-01
-1.269763004034892007e-01	1.329571717610420478e+00	9.509076781233634090e-01
-3.942911456644204726e-01	1.277522124212118859e+00	2.812905486345663952e+00
-1.409515960289690339e-01	1.133310858264226173e+00	-2.770177513641313816e+00
-5.639787254003905681e-02	1.748342626440972269e+00	-1.301129768941215126e+00
-1.397359482246753326e-01	1.709829196510395555e+00	3.775104814529159469e+00
-5.967417458363652449e-02	1.188358215313478405e+00	2.229807194686382665e+00
-1.145674161467525737e-01	1.305720908390959778e+00	7.683016329344496409e-01
-1.491441651155264447e-01	1.281351956210304399e+00	-2.023767971280701072e-01
2.682314265405268128e-02	1.037697760642595224e+00	2.785727550725173529e+00
-9.756581400396925619e-02	1.973487658096925834e+00	1.127115224902812241e+00
-5.388602094529598013e-02	1.429439669532007073e+00	3.890308952472409931e+00
3.021058954283858955e-02	1.941485558440730230e+00	8.605379892876598991e-01
-2.415854393160548064e-01	1.478139850654704990e+00	-5.616703829309055429e-01
-2.252737697836799946e-01	1.545587989144543428e+00	-3.390943880070644845e-01
-8.845636026936798402e-02	6.060986798471953430e-01	2.352153733310347050e-01
-2.034170325006441071e-01	9.795173891955606393e-01	8.810827563698477860e-01
-9.265096661801716649e-02	2.935878949259860704e+00	2.166062112740613887e+00
4.631799238065673618e-01	1.171844320728431033e+00	3.738013396517992498e-02
-1.581563130077995663e-02	1.443301663574422689e+00	-2.146756869943337309e-01
1.430700587727390116e-01	6.799173356546247549e-01	1.377728941615040004e+00
5.571425097592959397e-02	1.810443141864704231e+00	-5.203179960177676255e-01
-7.784327994264307604e-02	1.458991194345950371e+00	8.263753569120262377e-01
-3.921854349054679049e-03	9.407775465414975891e-01	-1.345149192630713308e+00
6.624319273569004296e-02	8.280608083090057470e-01	1.925384702889779476e+00
9.655513022620737518e-02	8.436556163244971485e-01	4.810219380573146353e+00
-3.493287010755784239e-02	7.213383976607918857e-01	-3.095660953517531233e+00
2.256884152629096696e-01	1.514344917024140535e+00	8.605238770949874549e-03
2.088230116851236273e-02	1.182876313150539982e+00	-1.229559958160215682e+00
-6.771940192653841395e-03	4.139785669118687395e-01	-9.188553466497085820e-01
-1.352918770976752061e-02	1.469698394399570507e+00	-1.884181253729761085e+00
1.072896952852071262e-01	1.717653411643257355e+00	1.151584160014978764e+00
2.372151434616355803e-01	3.756004475449086222e-01	-1.290409602775910658e+00
1.488064812494293010e-01	1.012928802028266739e+00	-3.222914994980170977e+00
3.682679093563319128e-01	9.880744313742892970e-01	-7.265902267000681203e-01
1.241774006277550912e-01	2.312939524817130277e+00	-1.262795809332022845e+00
3.712856863164023385e-02	1.260717941348974191e+00	-1.462950707648625670e+00
2.558969333659648071e-01	1.070055186084137855e+00	1.006373180877481399e+00
7.330827803792870634e-02	7.385250877580372686e-01	7.073427243459629032e-01
1.746270432976695930e-01	1.345902879678055442e+00	-3.357615997746355774e+00
2.710644065136760816e-01	7.588573548615077380e-01	-1.294638026400479536e+00
7.075047045015914193e-02	1.577161271468795700e+00	-2.587600120350204591e+00
-1.427446024287531146e-01	9.004532938242961748e-01	-7.527709384783805024e-01
1.016033219581724267e-01	1.113565349296609552e+00	1.282739759055802953e+00
1.616328117200217518e-01	9.057208480042948651e-01	-1.354510836562574205e+00
-2.961120509128899458e-01	1.275225376567726610e+00	1.120859936103176135e+00
3.524530696420838938e-01	1.637578654628218056e+00	-1.675444393057476944e-01
4.002997010094442865e-01	1.941514623404272388e+00	1.997246122493384846e+00
1.468648155335694483e-02	9.330095570641945280e-01	-4.464577592330756239e-01
1.602634638209474160e-01	1.608406846304922810e+00	-1.905492968670445153e+00
-4.895608829228362269e-02	5.712773839044417157e-01	-1.588011463290466274e-01
-5.687281528371621042e-02	1.542670673611559629e+00	-1.367169032472036694e+00
-5.931145034314450060e-02	2.896906256072190322e-01	-2.507252729843899797e+00
-1.195549778167977473e-01	8.906285770135345947e-01	-1.124650586367672567e+00
6.303599755860521403e-02	5.857261995742518712e-01	-2.565073806592943484e+00
4.867471775822452273e-01	7.556970078379907640e-01	-1.952662783452085549e+00
-5.722754256788933902e-02	1.058461010480938436e+00	-9.044220705888901257e-01
1.217140483254325195e-01	1.335797234418889090e+00	-6.687284239410042019e+00
6.269777289958189392e-02	1.698342528018059738e+00	-2.284465092360157712e+00
1.877507170907071199e-01	2.091473745790647598e+00	-1.259645658270297286e+00
2.833089733830533863e-01	6.624508185759666601e-01	-2.176948987420057602e+00
3.304259923685489708e-01	1.260741411550605040e+00	-3.499644177815186552e-02
2.808551431465124426e-01	1.401342813944177923e+00	-1.940930032239341463e+00
2.086286685157014986e-01	1.037668654700754978e+00	-3.807737181739314636e-01
7.185172300964179359e-02	1.573939881410784558e+00	-1.877025556536394024e+00
1.368739956525174550e-01	1.310254949128149216e+00	-7.469581063394339360e-01
1.378568752793264962e-01	2.022372011060247665e+00	-7.383115250721998812e-01
2.271593586331766002e-01	1.110337193375551257e+00	-8.422293485550949033e-01
-9.039340202793455514e-03	1.781450069940371916e+00	-2.748844460468621076e+00
8.335518917072359812e-02	9.093101303280650693e-01	-3.919733256861169135e+00
4.822150090819160573e-01	1.152139504878152421e+00	-1.308069338900901935e+00
4.187878449905901856e-01	9.637763403971677523e-01	-5.296202208351980190e+00
3.152728189299533468e-01	4.627934552588419126e-01	-3.963853659642796678e+00
3.615658367054267464e-01	9.713337870160402288e-01	-1.701999644670027623e+00
2.213968135321449648e-01	7.988536441877919225e-01	-3.384527126967688204e+00
3.937824513772853474e-01	9.126582758212932189e-01	-3.347222944242824294e+00
3.586153280224796958e-01	1.269259599600914834e+00	-4.324740536165419869e+00
5.651881251692083552e-01	9.781540971216684532e-01	-3.997148912670532184e+00
2.105105788888437246e-01	3.527537734155283267e-01	-4.074275555693212425e+00
-1.205861902532523455e-02	6.101957017529361371e-01	-2.984088036358854890e+00
1.588329559270986735e-01	1.201220903036207543e+00	-1.022289449783312598e+00
1.136748160645703887e-01	9.499806880741918924e-01	-3.678043742958308382e+00
7.422910923443462594e-02	-8.697062224134799457e-02	-5.072662781557175649e+00
3.632811394309308772e-01	6.229563219112994599e-01	-3.817060086559189269e+00
2.599519977113437519e-01	1.301951959176541607e-01	-2.472936410179483069e+00
4.213661160630038927e-02	5.948676465589746165e-01	-1.341215816814187001e+00
5.416126158891947373e-01	1.035875208977588002e+00	-1.314601415627736802e+00
3.195472838054100873e-01	6.182425284130044219e-03	-4.549835899064492040e+00
3.454830984748080702e-01	4.885584760676833782e-01	-1.042904558052015318e+00
4.280040388724123401e-01	7.301270931459724611e-01	-2.263276403545181559e+00
2.761883015231889615e-01	1.119115366113331511e+00	-3.932680451889800644e+00
1.871729077473179292e-01	3.077175563493754762e-01	-4.132731638804174601e+00
4.240390029356048140e-01	1.054659185206074268e+00	-4.791508879031011858e+00
4.720650953201021016e-01	-7.715713438017191006e-02	-3.636765950237690781e+00
5.172323466011912174e-01	2.524412213125954429e-01	-3.071891192010815175e+00
2.446692635105812141e-01	1.402357176405604200e-01	-9.702605198583329482e-01
3.871937644154437308e-01	4.842259117846373084e-01	-2.996238617576928664e+00
1.025488675232396618e-01	1.395281385630572912e-01	-2.864460505429671233e+00
3.276949299180196284e-01	2.904532308812287633e-01	-3.892254767492736800e+00
3.699006010946144229e-01	-3.507353994278726850e-01	-3.296288565503234125e+00
3.915491665713005109e-01	4.810538318041738259e-01	-1.852264137563924606e+00
4.918230622392688600e-01	2.990159553653538027e-01	-3.631913778322805708e+00
8.015434396870098066e-01	1.057260809063657492e+00	-3.541074980669014050e+00
2.588620330753698684e-01	9.276634587274588117e-01	-5.564128802968190790e+00
5.468375536468610409e-01	-4.574303746328483022e-01	-4.611420386434173402e+00
5.018506202325814236e-01	4.929597022271464679e-02	-3.917044381841218836e+00
2.442152764222299544e-01	7.646061643075683367e-01	-4.116829458449570822e+00
5.089669435300498979e-01	-1.568646720283913831e-01	-2.845677190886008123e+00
2.843614206071524153e-01	3.671472656946100921e-01	-1.936103948967280219e+00
5.296979385424721576e-01	1.396409613294487539e-01	-3.161535727199793921e+00
3.288978689895876717e-01	-7.740173046088594244e-01	-4.302135534689655039e+00
3.799152859237157065e-01	8.463066149595263599e-02	-2.887979933206702210e+00
1.884247151071646864e-01	9.280710073750837452e-01	-2.596101812444768342e+00
4.332815573528217556e-01	-2.190758843145998724e-01	-4.182832710418714406e+00
3.706654660782614519e-01	-5.688769449921475818e-01	-4.330893103554417145e+00
4.426835104323890158e-01	6.739812761721453160e-01	-2.996356948015663768e+00
6.429367984434004590e-01	-4.394271060070407964e-02	-2.767297256684310369e+00
2.987804019753629303e-01	8.129664734861762332e-01	-3.326228386041097274e+00
3.041135166997678829e-01	3.676470051923121929e-01	-5.989808800986098802e+00
7.656921834630763257e-01	3.522333090151950619e-01	-4.120284382973448345e+00
4.719040874510918582e-01	-2.477676374756007105e-01	-6.001108154532781569e+00
4.549626420569456986e-01	-3.789378226017336426e-01	-2.202440438769234454e+00
2.955171419999295113e-01	-5.056620040957614526e-01	-5.250376725415215162e+00
4.119076331007432978e-01	-9.243415586825933783e-01	-6.282539295304657045e+00
6.206959344210857266e-01	3.585286037483106925e-02	-5.841784657739973241e+00
3.579382410315826712e-01	4.673196857658527548e-01	-4.124456120548082971e+00
2.882231981314825608e-01	3.839045483809415682e-01	-4.904073147127236076e+00
2.098113798945552277e-01	-6.412855471393069662e-01	-4.085969977252159602e-01
2.245422146522067786e-01	-2.626503456625507993e-01	-7.690647187330491796e+00
5.396418903157795821e-01	-7.032660468855339575e-01	-6.470038524090718113e+00
7.127449758206909625e-01	2.216955863905223645e-01	-5.852824412014653532e+00
3.526747540651299362e-01	-6.573787591550630527e-01	-3.534708980188905336e-01
6.235297378713411387e-01	-3.508432739830732450e-01	-4.915233673098156508e+00
1.289784253441572104e-01	-3.052783167092156802e-01	-4.486149317928923352e+00
2.755439572048153929e-01	-4.016434023355442973e-01	-4.361714409348786958e+00
6.632293591928710708e-01	1.695786559914412017e-01	-4.769122848636932588e+00
4.520902939764063211e-01	3.529046845324171899e-01	-6.257969251087349249e+00
1.792481064392347778e-01	-1.114530525840033537e+00	-5.410105347738705994e+00
4.169090354327001369e-01	-1.689095986771478874e-01	-4.266206306265634574e+00
3.170667726453872404e-01	-6.159084092962816559e-01	-2.745477837582321445e+00
5.803036267430617956e-01	-5.682675901387697071e-01	-1.788678246093001523e+00
2.624825986816781143e-01	-6.232760753216785021e-01	-4.480974822482970410e+00
4.838918080703870084e-01	-9.903655395543696782e-01	-1.747090339322168173e+00
3.836010978908017122e-01	-2.751840597992441517e-01	-3.913758187518011855e+00
3.814832117894124686e-01	-3.409115779593058226e-01	-3.811232109038632743e+00
3.429672093777513253e-01	-1.799586465870840202e-01	-4.908339460627880513e+00
4.183498948068025691e-01	-4.776843663362022596e-01	-5.030379748947969354e+00
4.277465657643353403e-01	-9.994372570296785607e-01	-2.985641635756631551e+00
5.446709840292974780e-01	-3.626962329573568677e-01	-3.471504641568856186e+00
4.092047772344257761e-01	-8.772774525571364057e-02	-3.428071355918873575e+00
1.808627364491721123e-01	-2.114295642663967523e-01	-5.007500898957628621e+00
7.752529958995962867e-02	-3.571997464104962883e-01	-4.852544922558190699e+00
4.198719228640903633e-01	-1.517499694322782311e+00	-5.247718009842530229e+00
6.185302533147849502e-01	-1.237566403215390132e+00	-3.177173374867561684e+00
4.240937392280466622e-01	-4.040980543008659831e-01	-1.637772479737433562e+00
5.047790700081985493e-01	-1.447907809479666019e-01	-2.977860068607125488e+00
8.263360998589615036e-01	-6.104565623427581356e-01	-2.325046404217244511e+00
2.826352664730218400e-01	-1.396870126964428804e+00	-1.808969976395412571e+00
3.966388709424520931e-01	3.103181859974118995e-01	-1.773054255069852481e-01
3.963872807564037259e-01	-1.018983366309339944e+00	-2.094391092343167227e+00
4.293736910797489870e-01	-1.092806908144410283e+00	-2.072556348218820954e+00
2.743955875298237923e-01	-6.249444375733809176e-01	-1.738266073211126583e+00
4.081111719513019764e-01	9.096858739977764508e-02	-2.817010979126362002e+00
4.242317173807643726e-01	-1.328553887370997444e+00	-2.067820545950866951e+00
4.835837747774681672e-01	-9.689281070604295332e-01	-2.079938304866285392e+00
4.742102785046972691e-01	-7.420093284671320788e-01	-2.005423296471866124e+00
3.447347827828313727e-01	-1.233310061822667780e+00	-2.514735814126408897e+00
1.376457538179773621e-01	-4.837415308673430614e-01	-1.702414682057010520e+00
5.379660580155779526e-01	-4.558777938371262328e-01	-1.797428726388576425e+00
2.678478075369338796e-01	-6.823388843384851077e-01	-3.094938293334926982e+00
5.169136009836459156e-01	-1.265221781846548543e+00	-2.956510855986020925e+00
1.327553289878247444e-01	-9.386939926393684797e-01	-4.068335105413962260e+00
1.611436932921295195e-01	-1.559585994056766678e+00	-1.780890479287201345e+00
-1.434323979736823462e-02	-2.325174878792019006e-01	-1.678517185984355731e+00
4.407441444992726831e-02	-1.175141734657167980e+00	-2.675285738748477193e+00
1.546665639686649607e-01	-6.179896804522716502e-01	-2.708138851889901666e+00
4.755291660524355590e-01	-1.511529964171370422e+00	-4.795263293318264175e+00
3.890273375008729273e-01	-9.217598190064831831e-01	-2.492031954291054063e+00
2.984337149530819078e-01	-1.044985444349620041e+00	-1.164926857010740058e+00
4.163505076554830930e-01	-1.616574871451480711e+00	-3.447200008822576933e+00
3.278885928054754428e-01	-7.782506905531418884e-01	-3.303811827451295979e+00
3.313392053809625648e-01	-4.338280982227493143e-01	-1.746911518710157374e+00
1.795499586936953051e-01	-1.141895462532025229e+00	5.419334639024255829e-01
5.090038306046168470e-01	-1.142407032379773701e+00	-2.808400499967169228e+00
2.701059175815525015e-01	6.741606153593171502e-02	-1.007110218430640192e+00
7.946120014955343480e-02	-2.810706116118104614e-01	-2.786768748735375389e+00
4.535890458997783314e-01	-8.303127262090558292e-01	-1.205190758576292431e+00
2.263410479294478139e-01	-2.070836249637901361e+00	-1.005706767307724014e+00
3.494088840378010152e-01	-1.319617891504906826e+00	-1.132320033577452811e+00
3.738097764341131723e-01	-4.704961088020159776e-01	-1.276113936401706894e+00
3.135027258006710116e-01	-1.444506394262455640e+00	-1.374280438100956570e+00
9.930276510676941393e-02	-9.887953793948200953e-01	-1.068187844332301628e+00
3.253134866198573172e-01	-1.223554560058249141e+00	-7.111804426733683293e-01
1.826001576350962385e-01	-8.921506894674422483e-01	2.031959391321840336e-01
3.079004762898484016e-01	-4.345976302158693905e-01	-4.564987220210714902e+00
2.645541204691258530e-01	-1.060001602993612790e+00	-1.648732854832601902e-01
3.935327027186819038e-02	-1.531562689726998272e+00	-3.008555457604987549e+00
2.402499352789689291e-01	-1.448315143897140000e+00	-3.339001115226171157e-01
2.107700439941822823e-01	1.843277752721217411e-02	-1.658443397510020567e+00
1.814669958719568876e-01	-1.760479628675831743e+00	9.924353224257647099e-01
2.246685505737847088e-01	-8.957770925537544837e-02	-3.664804563235973589e+00
2.179456082067299794e-01	-6.234242913281839993e-01	2.843188204946658804e+00
9.144667263407407765e-02	-1.281516734079793718e+00	-8.463808671617477630e-01
2.076093609104021076e-02	-1.193747306297019195e+00	7.228493446955888135e-01
1.954911246730969832e-01	-1.044670434322313435e+00	-1.119316424204838345e+00
-1.281578333393386948e-01	-1.117395339423675527e+00	-2.333099834314689147e+00
2.007048467596109775e-01	-1.255200105215934281e+00	2.838611170857814336e+00
-4.883238362698084922e-02	-4.530290833301879871e-01	-3.044939929798857192e-01
4.120479577481186984e-02	-1.912964809538042488e-01	-3.574762632125489503e+00
1.060886811433257304e-01	-1.394810627298233241e+00	-4.952605064776983701e-01
-8.071275048314008327e-02	-6.175804016148176423e-01	-6.686845670378511741e-01
1.477217454515106221e-01	-1.154557819254394380e+00	2.420728742378693177e+00
-1.508123069683441064e-02	-7.078421786884073752e-01	5.278608065329504218e-01
2.730774975382093128e-01	-9.374459020173636636e-01	-1.438472668736840099e+00
-2.817115949606459613e-01	-1.147796761290393430e+00	1.106787299908149391e+00
-2.288852821155496764e-01	-1.111333668464656865e+00	2.958416326220917325e-01
3.227592738911272408e-02	-7.294968382849353894e-01	2.591556028061342776e+00
1.584991858576378920e-01	-4.460305446732942825e-01	-5.311800109510875778e-01
1.555790819887279131e-01	-1.418441172702537445e+00	-3.015132412241748883e-01
1.557048586870735662e-01	-1.018352812155729925e+00	-9.690419506466126931e-01
-9.666331989319186524e-02	-7.623582449446599796e-01	1.732685338354119864e+00
8.024442038277970757e-02	-1.478648632161947418e+00	-7.331257188300308592e-01
1.968265705475477634e-01	-1.394601525845226231e+00	-1.072562770764931672e+00
3.075455775395284364e-01	-5.454782553840193948e-01	2.614189566170908474e+00
-1.069413343809369615e-01	-1.545194928160293912e+00	-1.793286410877595882e+00
-1.318995483787348544e-01	-1.068363493210928716e+00	-1.379794423032703055e-01
1.403307585697882720e-01	-3.798975035557230484e-01	1.150272143040459716e-01
-1.852420851694208115e-01	-1.128397440675628527e+00	1.227370251833335590e+00
-2.209850456403871788e-01	-8.173416106805404535e-01	2.847760650865807652e-01
-1.208524458625032938e-01	-1.528989483636004509e+00	1.678049367727647345e+00
-3.259222834362854870e-01	-1.251710364965896272e+00	3.025648770856427028e+00
8.499304692667637717e-02	-9.819042767295174112e-01	-1.597555005269830630e+00
2.227145290955112253e-02	-1.531597296853126622e-02	3.098993963008591201e+00
-1.933165170235598418e-01	-7.528051174733736417e-01	2.416572063336041243e+00
1.871072179879774144e-01	-5.621271955235628281e-01	1.244176805743877345e+00
1.699595101898446897e-02	-1.945659419448388938e+00	7.149463460729598152e-01
1.153282488708921305e-01	-7.150542390868210862e-01	3.700694512214252718e+00
-1.838393376560620018e-01	-8.604935512422582367e-01	4.494039370455443216e-01
-3.912553227169987546e-01	-1.937659862524825805e+00	1.829600991523369302e+00
2.424503496041085504e-01	-4.369695283859728052e-01	3.070193082736868417e-01
-7.035419844370129072e-02	-1.189695135925376901e+00	1.914867759029258432e+00
1.177697533587461209e-01	-1.236089251999289651e+00	1.457912478995482708e+00
-1.652505203773190212e-01	-1.045929967805659500e+00	1.109592761215442813e+00
-2.142110822337925380e-02	-1.197944825985448158e+00	4.004569475127523148e+00
-1.388103257040715632e-01	-1.579908610366196786e+00	9.831462717234566995e-01
1.794602911797745504e-01	-5.734561370381718870e-01	2.182246948188695246e-01
-1.736337139821368392e-01	-1.601848786683384152e+00	-1.539006085289019499e+00
-8.344325549678330289e-03	-3.409712110847961108e-01	8.575061379620858570e-01
1.662603905991234809e-02	-5.956962162630242696e-01	4.599724554478691330e-01
-1.502113991956225136e-01	-1.283543211640186810e-01	6.194622866557546459e+00
-1.677038516716216621e-01	-1.333215226151062360e+00	2.013694551538225408e+00
1.005612452851953331e-02	-2.766424523515812472e-01	2.619025637125462325e+00
-1.882324843775574907e-01	-1.171060801387643346e-01	2.223114100393941861e+00
-4.388194938565519176e-02	-9.771692832759982794e-01	3.366330655506684089e-01
-2.762993542221213183e-01	-8.641501559380238007e-01	1.244337877021105321e+00
-1.184176461636503308e-01	-5.144756157307435185e-01	2.222729860931678569e+00
-4.321868862623087226e-01	-1.383854489268572463e+00	1.959867907069390958e+00
-1.753471135671394454e-01	-3.109294235609834089e-01	3.145407899550904496e+00
-3.330797161369278281e-02	-9.420139509276312939e-01	-7.163043852655137655e-01
-2.102654801450721811e-01	-2.139280440300286301e+00	1.847143564254771775e+00
9.770947069338131730e-02	-1.192370387876428905e+00	2.518381032364064076e+00
-4.440647614511581409e-01	-1.733507706658972136e+00	2.397390710332620412e+00
-2.272545608824053653e-01	-1.000156839872180958e+00	1.852725856460190057e+00
-1.378517324913536013e-01	-4.480204838381441346e-01	1.547103165541234393e+00
-3.618344708937604737e-01	-1.767274168131889311e+00	2.073535103492291309e+00
-2.796462430788004827e-01	-6.708641327923789976e-01	1.918040834756950863e+00
-2.784220759416067281e-01	-1.172097422880051809e+00	1.190791136742446632e+00
-2.855122398171650033e-01	-5.596357350626635085e-01	1.680984362157748269e+00
-2.544904569759919299e-01	-2.724678079898560368e-01	3.126661471871353459e+00
-3.105687735340210698e-01	6.346194241902136657e-02	2.526964860562513238e+00
-3.575852214692929465e-01	-8.443292946726236314e-01	8.654382983558202014e-01
-5.710318005862705659e-01	-3.207501423367101201e-01	2.680362078292826133e-01
-3.009491920334254056e-01	-2.767403040156797278e-01	2.698363089440395157e+00
-2.038118083602250274e-01	-6.013263311391907617e-01	1.419331200144000160e+00
3.889854879008257660e-01	-4.510030194882108101e-01	3.731272664443505249e+00
-2.408775244886788292e-01	-1.382012005877135907e+00	2.991236268535266696e+00
-1.191058588433351884e-01	-2.061738290662825657e-01	4.751409783575052614e+00
-3.254652205066596027e-01	-1.258329161938257057e+00	1.706502301031162183e+00
4.673254797948636630e-02	-1.106338301595485740e+00	8.288387264946119881e-01
-3.615099825904178887e-01	-9.047235600082264018e-01	4.344284231624930825e-01
-2.118981475722337415e-01	-7.519046080755847905e-01	-4.076320925005174622e-01
-1.180474741151856521e-01	-4.322111925213617534e-01	3.676276846300961409e+00
-2.624193361548435299e-02	-1.197985205849778634e-01	2.948595929210589883e+00
-1.045527111079261329e-01	-7.118205529352434890e-01	1.264948659329730996e+00
-4.457537186703920407e-01	-2.202308217101838772e-01	2.672637987633930567e+00
-7.785785314523485656e-02	-2.938139390108988058e-01	1.990334355948764511e+00
4.425311458775615936e-03	-3.079726370387768641e-01	5.562591845163443516e+00
-4.039737861789116646e-01	-4.969578941028571228e-01	4.191350838116751021e+00
-3.177206838225931085e-01	-3.119185111314312087e-01	3.135677798542044314e+00
-5.811948939241302625e-01	-7.393145327855407123e-01	9.232878605780525660e-02
-2.658595258024299968e-01	-8.695579127968344757e-01	6.034790918812826810e-01
-2.436097722762208817e-01	-3.349316822979977459e-01	1.847549968537599341e+00
-4.391892491660527309e-01	-1.088742334900593356e+00	3.188119851240827973e+00
-5.137084304213096475e-02	4.936823312936635677e-01	4.514774237534131096e+00
-2.806700914174107275e-01	-1.630406916427973307e+00	3.857970265710109814e+00
-5.960219595729070452e-01	-5.120863357951437322e-01	5.951166854217140312e+00
-5.081328936348787906e-01	-1.091853946792081587e+00	-4.588861182101093839e-01
-3.146297451130404266e-01	-6.872429639228342380e-01	6.031316113484029628e+00
-1.383638546745386555e-01	-1.027654601202282469e+00	4.006692990969562551e+00
-1.149473529381035697e-01	5.133556892424656626e-01	2.792698620820212252e+00
-3.674181853590927638e-01	3.822678159393907427e-01	2.971101299326500023e+00
-7.003667801443702601e-01	-5.161939618374924432e-01	5.183854477157121998e+00
-2.395516818724199581e-01	-8.661821275055020530e-02	4.801108179815921417e+00
-2.155969421524598362e-01	1.129911863624260548e-01	4.566256300680693769e+00
-6.366432388388592045e-01	-3.821600457818381535e-01	3.626663350120415963e+00
-5.313632821963143460e-01	-3.373963469706749430e-01	2.481387766971387521e+00
-4.517569610127403212e-01	-1.923236978378116135e-01	5.238776615477060083e+00
-2.681404318681965826e-01	-4.953648538861510353e-02	3.105479248464443121e+00
-2.688899395323385288e-01	-8.500917824651688104e-02	-3.504561866456268326e-01
-5.209961559649260998e-01	5.367621861263827121e-03	2.210771914406364225e+00
-3.556303994476228691e-02	-4.452759275356205082e-01	1.875378807271661286e+00
-1.340710856877580515e-01	-5.120426053017408385e-01	4.332044284837810011e+00
-2.755339687187634556e-01	-2.993685255804733880e-01	3.993220824236704658e+00
-6.119802610888782635e-01	1.871635185070356644e-01	8.648026807013762252e-01
-1.246442907708899261e-01	-5.914107459268220790e-01	1.174940775373850332e+00
-4.386067362458084262e-01	1.732155443158238939e-01	1.311628518268944221e+00
-2.709708125142914481e-01	-2.134767312598551681e-01	4.207094372211047428e+00
-5.117642654594444229e-01	-7.678580704945713320e-01	2.696374361863110636e+00
-2.895929343354636254e-01	-1.044042532026911996e+00	2.848818459031258854e+00
-4.059847634144445605e-01	8.994611422658230770e-01	3.585044932028881526e+00
-2.136104387009055139e-01	-4.943191951751465391e-02	4.282598045765011463e+00
-3.446364116194070570e-01	4.888525634631558092e-01	3.750933622380449695e+00
-2.610234648265687962e-01	-7.506048668900625609e-01	7.184825562966167922e+00
-1.975813782447695122e-01	-7.189183164371936163e-01	2.566888389308945584e+00
-2.570917237206940542e-01	-5.443409216819724561e-01	2.877207092951840295e+00
-1.985072861567046820e-01	1.142251620808966139e-01	5.422494714130616345e+00
-5.883423067879498536e-01	3.747981602964408632e-01	2.537778864874983054e+00
-4.266901643839959846e-01	6.034555757494023398e-01	4.487241768172562928e+00
-6.070390801912421974e-01	-2.064031438869735613e-01	2.398796441705450810e+00
-4.797011170616575226e-01	-1.335469723551656607e-01	3.092735631248321848e+00
-4.488775635657414331e-01	-4.795716828309568580e-01	3.988173059432116307e+00
-1.756060399375292402e-01	6.575495957436385819e-01	3.296549815167146846e+00
-1.195861125110485867e-01	-3.754250211624614586e-01	4.673738642808592303e+00
-3.933226982564506091e-01	-2.138805974538721122e-01	3.515558083571256542e+00
-6.244297909476222985e-01	-1.973430199470268542e-01	4.994296454895936321e+00
-2.981437411988561159e-01	2.094871396673688990e-01	7.137510666816637261e+00
-4.332299798588881146e-01	-9.400449286155493356e-02	3.054881705348918342e+00
-1.390561230264906190e-01	6.688346581324871032e-01	3.892439982406482368e+00
-4.376791130929508222e-02	3.466399913379581976e-01	-2.471849625063260447e-01
-4.891251408007545876e-01	1.044121499341209347e+00	1.745088367648883754e+00
-4.781816277378715396e-01	-4.617204301430980484e-01	2.962555345530859086e+00
-3.871321705470463503e-01	-2.413017921151037748e-01	6.061967565195825358e+00
-2.901076765399747126e-01	2.082567659150439954e-01	4.870357155529817739e+00
-3.166511835156035626e-01	-1.221464775209386566e-01	4.085692084217310338e+00
-1.955116469397854551e-01	6.371225904709230115e-01	2.694880052516408053e+00
-2.205966642401968603e-01	1.182642627486906850e+00	4.347373192976261791e+00
-2.907676658846402584e-01	1.201687620089788577e+00	2.678285681210860414e+00
-3.499952438835899349e-01	1.760497996479878369e-01	3.418611782658911302e+00
-4.736489764177620465e-03	3.795178713121367675e-01	3.202141438795143014e+00
-3.429385969696210346e-01	-6.513270690947989827e-01	1.177792280563230598e+00
-9.341135165542677199e-02	5.861381196419379602e-01	1.696976665673308071e+00
-4.409696244623211303e-01	1.219973151446153592e+00	2.052047458606816921e+00
-6.613742206704026350e-02	-2.541969094133257334e-01	2.155349626562095722e+00
-7.743941859754233104e-02	8.788563959420931937e-01	3.913580517678993509e+00
-4.684043772831061880e-01	9.261897270679706473e-01	6.212345769765601489e-01
-2.433139618780122138e-01	3.234322098381310351e-01	1.289507716873857568e+00
-1.270875905001020434e-01	-1.994434811559587239e-01	4.238798127829466189e+00
-4.783450122623563727e-01	1.066208852190228207e+00	3.290988177124277492e+00
-2.239754552189648362e-01	8.909754196823802541e-01	4.018776359080156624e+00
-2.562176617135539791e-01	1.444341483481386579e+00	2.795726821522272587e+00
-2.096797460861530293e-01	1.789399154669579217e-01	6.952389042176566392e+00
-1.379236900665849475e-01	7.085872126407743998e-01	3.477538820865260671e+00
-4.908478537815627041e-01	7.349547259939235300e-01	2.467344580688821232e+00
-1.652365288505087126e-01	1.359148374748969657e+00	1.347208986602607572e+00
-1.702913233248415370e-02	1.990159160209197475e+00	6.538298899667305264e-02
-3.527352380472813520e-01	7.436567937806987105e-01	3.303371723500224455e+00
-2.940390437219331798e-01	4.466661144253101789e-01	1.682321064720947223e+00
-4.467426182539478985e-01	1.210122226926190869e+00	1.371384258184962235e+00
4.601177784012289163e-02	9.605670644067947350e-01	9.006660185483530423e-01
-2.709855138614071235e-01	2.828527752050977173e-01	3.398516341404945074e+00
-4.170313994859906614e-01	5.121243873043314077e-01	1.884516994673909762e+00
8.890066250914568924e-02	1.371269232820846451e+00	1.776432832907089976e+00
-3.380009063828586235e-01	6.648985908641006359e-01	3.202304324782455414e+00
-4.943548215073314545e-01	8.262676796707031368e-01	-4.509250017993529092e-01
-4.608541630036693815e-01	2.753913422757355844e-01	1.123324754153333549e+00
-1.614650113902763029e-01	1.026365812790154708e+00	1.625741412444419609e+00
-6.346003212601012411e-01	5.984226910578360759e-02	2.860021390458529211e-01
-3.382757903711169911e-01	1.621168987956315366e+00	5.814918106667803510e-01
-2.514590528506668310e-01	8.178101994554688448e-01	2.034438200877762171e+00
-3.203718172913806450e-01	1.274880556952656230e+00	2.091443258402883032e+00
-5.321974030622392271e-02	1.116624039795798051e+00	1.185234342160978782e+00
-1.436416458808555952e-01	1.270552994868572316e+00	-1.970464774923827989e-01
-7.324780451519716240e-02	8.229543925762461409e-01	1.070598602361202190e+00
-1.866098713657663721e-01	9.762546775462714876e-01	3.954077337428270944e+00
-3.855240146582980532e-01	8.208940578092143170e-01	1.483493099564590523e+00
-2.770252561806813008e-01	3.910565217673256933e-01	2.257185608753549566e+00
1.258588717130561252e-01	3.724267465300496460e-01	3.726423979552161647e+00
7.356012812159193337e-02	1.244128768437468668e+00	1.656291083029836297e+00
-4.003989437279836805e-01	1.081974923387416743e+00	-4.911810420787938725e-01
-1.999967006962468097e-01	7.922664748809516988e-01	4.259401913367623749e+00
-3.839467795957060003e-01	1.202889391780151751e+00	-5.972353197113307033e-01
-2.249128988020141495e-01	8.220000636626393353e-01	2.872711232164878226e+00
-2.542839169366268859e-01	5.061015052316472085e-01	2.902181475015007450e+00
-2.203703250233219890e-01	8.626397640419175561e-01	1.878701736642361286e+00
1.405055807435924287e-01	1.032081831274625383e+00	3.530429669922630076e+00
2.588414257456339573e-02	7.910525042615547120e-01	1.520616036078504152e+00
-3.722235590599350941e-01	9.622409113411859449e-01	3.220041301496983088e+00
4.094507831190785652e-02	1.275137027864616801e+00	-1.464136513464711076e-01
-7.214386168692218937e-02	1.156069090538020649e+00	1.480606017470956104e+00
-6.339924411418337846e-02	2.840580289738198205e-01	1.562586044081483605e+00
-3.232246037028309038e-01	5.296586894917877375e-01	-6.420197134835305963e-01
1.023582251375693697e-01	1.087671911954836590e+00	2.488791637457598682e+00
1.221704616647991681e-01	6.248683499748663994e-01	1.495227046542581206e+00
-7.246918501829520409e-02	7.038423713336957599e-01	-1.099773514106827221e+00
-7.069384895664798663e-02	6.667122938191000214e-01	1.681036157561367483e+00
-1.992381932507400477e-01	3.319531561811471798e-01	1.749234068216414695e+00
-1.159392942310243230e-01	8.756805816841279899e-01	9.139042173652713874e-01
-6.952329949019406263e-02	5.662575533497364866e-01	1.471507899055129354e+00
-9.342334449067586644e-02	8.861868607907639195e-01	-4.938493720873875503e-01
-1.437907338498866094e-01	1.867792859192535682e+00	1.351816781362233932e+00
-4.697759949676004465e-02	1.255135076387109416e+00	-1.314433861292174655e-02
2.474255482164138265e-01	8.982989114999569980e-01	2.681452417386334552e+00
-2.866944049872917621e-01	1.349685089820976458e+00	8.401868258897970954e-01
9.034757777392694866e-02	5.790579450006982931e-01	-8.800432513241556176e-01
1.073937962457863077e-01	1.390484083396740900e+00	1.460361068535693363e+00
-1.984519260991037537e-01	7.313206993935015277e-01	1.839880179302318064e+00
-1.884827412103861066e-01	6.940194059208610877e-01	-1.024763776160493856e-01
-5.367644542390181267e-02	7.386265850502081731e-01	5.452292455125573589e-01
6.154066034485906889e-02	1.098888248300795789e+00	-1.225649462442280235e+00
-2.658883330041237336e-01	1.134972422479486598e+00	1.972297892947006304e+00
-1.941108420291995096e-01	9.014601739265651892e-01	-9.256743970051164450e-01
5.412035599416641085e-02	1.084338270547603900e+00	-6.271055924672373827e+00
6.955492912637195602e-03	1.294674239441109931e+00	9.750674406141432438e-02
-1.086410982035068556e-01	1.363006398293014509e+00	1.650886993539232961e+00
-2.011226858825891917e-01	8.680767929554319418e-01	4.901199920424476053e-01
4.360688680462612710e-02	8.816527583237580012e-01	2.362460171088166749e+00
4.147815846594732347e-02	2.454404704068402499e-01	-3.786755220248776421e-01
-6.788683608616487286e-02	7.137058788138419541e-01	4.488634831182731766e-01
-2.046292607561910892e-01	4.646849555303956270e-01	-2.295974813585316632e+00
1.607102823828095439e-01	1.643539777415886860e+00	2.888454017443138788e+00
1.469377739490951816e-02	1.924710661649907895e+00	3.149885296958951919e-01
-1.685064899391457427e-01	4.387226306996271363e-01	-3.261439734195870077e-02
-1.213451106545492264e-01	7.479200008119373244e-01	-4.203510496379597727e-02
1.015492270299135219e-01	1.774086625998553712e+00	3.200415146012741907e+00
-2.745983990306598288e-02	6.288545219391388219e-01	-1.112150128888681255e+00
1.948374501665470215e-01	9.790670534454206653e-01	-1.675405289227789973e+00
8.012898561486939131e-02	1.006401720397506194e+00	-2.741250765750002483e+00
-1.900152235804412892e-01	1.301427339436162178e+00	2.723809686849790967e+00
1.607974772740984604e-02	1.091796231286209062e+00	-2.121468629497512914e+00
2.026078950066708684e-01	7.404441449805317932e-01	-8.498197852297577626e-01
1.421722455649585826e-01	7.388818215020585001e-01	-2.263137644125550629e+00
1.901882909584849402e-01	1.641278023792426266e-01	-6.911717991973547193e-01
4.029886852333459946e-02	9.244901552031682401e-01	9.154527846186013562e-01
-4.853720458287945350e-02	1.306327622076431272e+00	-3.552594333763140266e+00
4.006831793760076005e-02	6.469855043198989852e-01	-2.343288066552155158e+00
-1.914743616828608330e-02	3.239124357444499447e-01	8.947802596606901915e-01
-2.326436220137352295e-01	9.806156042282399010e-01	-9.302321508884583423e-01
1.329806568313932624e-01	8.011145634674368132e-01	-2.868330279876416089e+00
8.944394946056948015e-02	1.369087067283141224e+00	-1.103032375186046687e+00
2.490188266725499311e-01	7.863661538253661210e-01	3.935936522017984274e-01
1.698295405680721737e-01	7.520580667177434453e-02	-2.595301449954073636e+00
7.617416534822260554e-02	3.938533601484168756e-01	4.464292416574591194e-01
1.742439493859561372e-02	1.067063670118936658e+00	-8.153495679122488848e-01
2.009175904236115140e-01	7.695463944938270018e-01	-5.390674305268031707e-01
6.146610315846443018e-02	8.889042557303323822e-01	-2.474976410510111080e+00
-1.018464086018801423e-01	4.573851784232907391e-02	-2.613579107934747014e-01
2.022039085471032671e-01	1.918027585621268072e+00	-2.443075375494783152e-01
-3.125481928797704811e-02	1.087775702348867224e+00	-3.707755914682230980e+00
-1.531089996378246221e-01	9.539016809416208664e-01	-3.583619586641036303e+00
7.060311252991316455e-02	9.162331010434112688e-01	-9.231033117077933614e-01
3.223998222572035388e-01	1.165169004554319931e+00	1.093202408597253150e+00
1.097902746537388480e-01	5.502625390181119513e-01	-1.298607719113406445e+00
8.302310160005263451e-02	8.022806212801962822e-01	-3.760209014638901781e+00
5.278875589324545647e-02	-1.380251213310068614e-01	-2.871823621722567665e+00
2.840764289042703727e-01	1.573203786073042121e+00	-1.251841962106174488e+00
7.466459748204917757e-02	2.160317193387866208e-01	-1.078041602732210169e+00
1.373245756938866191e-01	1.022822641386361919e+00	2.941498029800877489e-01
9.369236798698703239e-02	1.046898701512090302e+00	-3.177919358345776324e+00
5.381927254104236502e-02	1.651250447872116611e+00	-4.941354007369629375e-01
-4.682854774854913749e-02	3.568228141293750544e-01	-1.798670115266487679e+00
3.638210969242194892e-01	1.763636112057721528e-01	-1.122494709722591244e+00
2.270678402460157008e-01	8.421900136174729212e-01	-2.204890436128858155e+00
2.675703227479865887e-01	6.321728410884019933e-01	-3.208779937653909897e+00
2.957237182036869250e-01	4.335791403042102421e-01	-4.495956139098699289e+00
3.478195467386449025e-01	6.667038505411010396e-01	-3.323876473918331964e+00
1.056368758664732732e-01	1.189280536468770855e-01	-1.915167760104921069e+00
1.458566118031692782e-01	1.813474944304481751e-01	-2.000916567306547211e+00
-2.320829106899754968e-02	1.197180742874124348e+00	-2.663731179211971778e+00
1.886205030640057678e-01	3.936179359912981290e-01	-2.786713745495985606e+00
4.987467857186917986e-01	7.691463580890985918e-01	-7.921011976142686706e-01
1.563348804417313276e-01	2.458656695926182412e-01	1.128044801488123916e-01
3.182649628901853545e-01	-2.238483030106808158e-02	5.531164180442353917e-01
2.766121592825108721e-01	-1.542747703590580111e-01	-4.189166864278915270e+00
2.781036673712764529e-01	-2.672616497157703774e-01	-1.851104968075697244e+00
3.652084097427955589e-01	7.111354607151321172e-01	-4.418001297520715909e+00
3.052617218563410395e-01	6.733314844490375650e-01	-2.339795021982790324e+00
1.304202638752666732e-01	8.059155257827865793e-01	-2.716567178604220700e+00
1.141673505491179463e-01	8.139870855781446979e-01	-1.403265898980949444e+00
2.893786265340655972e-01	1.049408791043066724e+00	-6.653255829844968439e-01
1.721099741828576446e-01	8.029697626314393766e-01	-2.272520111251281172e+00
2.674415125794919468e-01	7.323700669132143792e-02	-2.184886325967932752e+00
4.544880596247515836e-01	1.325306174085526756e+00	-1.565751000785662761e+00
-8.610856552270262920e-02	1.001675103225531549e+00	-1.785190713756276359e+00
-2.183611715099662010e-02	1.566974593150813888e-01	-2.195809425817328631e+00
2.511948287201639651e-01	1.451747083635585023e-01	-2.280924830156976224e+00
1.128030533408642955e-01	3.266542970260155054e-01	1.298014966834837303e-01
3.444733982676935202e-01	9.841878201881893995e-01	-3.266594206409017875e+00
2.567143194962330788e-01	7.170694469234196733e-01	-1.177980558057434513e+00
1.638751272090783750e-01	1.167094287205617142e+00	-8.954299099196776357e-01
5.991724688103661212e-01	-4.191523916298270369e-01	-2.062457461352058985e+00
2.088401011023761633e-01	4.427783063338880387e-01	-4.232674241718575203e+00
3.967426047424716939e-01	7.749223482969883614e-01	-5.997430521231963851e+00
4.133920154571685823e-01	2.538153355283557788e-01	-2.541652692689138959e+00
2.965503255901876800e-01	9.924993671037147802e-01	-2.826646410264009646e+00
2.004632129302482135e-01	-9.856499961751158390e-02	-3.017635093429877458e+00
1.511111398122500227e-01	1.477912479884128105e+00	-3.379985383708004942e+00
3.014730981070746774e-01	-3.483970293662486117e-03	-4.223001181684368888e+00
3.885755220817471711e-01	1.100688333585052026e-01	-3.006790928097640148e+00
1.719576991624372775e-01	4.535827748855785213e-01	-2.043328149902219337e+00
3.631755790590165955e-01	6.288947287059315494e-02	-4.231739945745951026e+00
2.920621284797629835e-01	2.657121054915280722e-01	-4.801029722529141175e+00
3.752648141507290425e-01	-7.816037246522160586e-01	-3.930787881237645998e+00
2.411011031652753878e-01	3.819569047417589180e-01	-3.624975509542450514e+00
1.042961284375805986e-01	8.812430197646427266e-02	1.434002596485091097e-01
1.157505853792646089e-01	4.487655033763654489e-01	-9.074284499533891157e-01
4.281307273193687979e-02	3.248668743894163047e-01	-2.432299444487105333e+00
3.184312451276508082e-01	2.661123912663279079e-01	-3.183457789841753982e+00
4.614990954912711052e-01	1.688419806289757907e-02	-2.940947488938397747e+00
2.227703340680808330e-01	1.380741476960445357e-02	-1.759043939305196869e+00
1.863323969284104709e-01	4.743194980467028699e-01	-1.867880316385315265e+00
1.099594836160319444e-01	1.810170959846750804e-01	-4.082385096744834740e+00
2.447988118689168047e-01	7.041082291005935911e-02	-2.062941837241061727e+00
2.223073933183546402e-01	3.424430434717001259e-01	-1.353244364193274096e+00
3.813899356646456851e-01	4.874441112359487183e-02	-2.308045122813067174e+00
-1.306030159708778671e-01	-1.162115806438802218e-02	-2.278558600293457026e+00
2.747539488305245636e-01	1.128499589968215699e-01	-9.111892740466525087e-01
2.501664849848323491e-01	-7.415736647448240015e-02	-3.746736636605532578e+00
2.864650473136819420e-01	-6.738404989221434827e-01	-2.991285325423938435e+00
4.095557234220428278e-01	6.285133178527553544e-02	-1.746172279092021995e+00
4.113719503433083124e-02	-9.536850142412856002e-02	-3.812532847804725122e+00
3.616559217821143091e-01	-4.415530863338442691e-01	-3.750184277401387156e+00
3.278299527830952353e-01	4.043557056878206435e-01	-1.802580866325119935e+00
3.403248218191812224e-01	-7.307868547458885589e-01	-3.162040352207861282e+00
3.456889703893239463e-01	-5.451286702313010712e-01	-3.186347046961837570e+00
2.047011687251722445e-01	7.758349050324657437e-02	-1.908497183014394638e+00
3.207796654768303446e-01	-4.857576520236757678e-01	-2.658982555338019527e+00
1.830780565259160775e-01	-2.664009558632528529e-01	-3.978970711005551664e+00
2.407666117299359088e-01	-9.967276819574122371e-01	-2.054167832471045063e+00
3.684882599647739676e-01	1.075770096393632025e-01	-1.180305303562426911e+00
-9.734279962827829813e-02	-5.521758048490508219e-01	-1.532503716731358878e+00
3.608320396411235365e-01	1.084014897693786894e-01	-3.663023731177828868e+00
3.035593887806253832e-02	-7.405785499687451701e-01	-3.626512195782262360e+00
9.109313078295649957e-02	-8.460167203057232799e-01	-1.657709547400065597e+00
-1.435899301884097090e-02	-4.644965395466685298e-01	-1.580541806259850190e+00
3.164396982547312831e-02	-4.111935014465807336e-01	-3.350382295496235674e+00
4.432421030186344812e-01	-6.550034216216724658e-01	-3.629495966491389058e+00
4.357285002608929925e-01	-4.840488076263790296e-01	-3.083086698602128806e+00
4.284800739549344262e-01	-3.135981170031363896e-01	-3.940400398862609954e+00
3.476696258909061088e-01	-2.698212228112250033e-01	-1.566219936784481348e+00
2.476237453094670693e-01	-3.107065798056810602e-01	-1.502619127456985781e+00
2.510098461306686235e-01	-7.918007717034979409e-01	-1.767220398675057647e+00
5.953933585420205787e-01	-4.731329605838361374e-01	-3.631217031779775173e+00
2.958696008151789902e-01	-4.466181587845163836e-02	-2.425395592143473333e+00
3.423430015602766385e-01	-7.139481068250498330e-01	-4.416359984234452973e+00
1.971159422618770640e-02	-6.959655105200110992e-01	1.122309482453194285e-01
1.918862614988602333e-01	-4.510679288534238940e-01	-6.096176511545956522e+00
4.936261478531711600e-03	-2.495712594531429296e-01	-1.904813252833403414e+00
2.619027622205606365e-01	-8.752607075449357898e-01	-2.952311303538682541e+00
4.115146239075410661e-01	-8.745353556008744755e-01	-2.165506854300592643e+00
2.477927028069365767e-01	8.896093302008124537e-01	-3.094626359797906012e+00
4.122023162658414730e-01	-3.868038336803381050e-04	-5.001046393942323753e+00
3.541151840428194975e-01	-6.605059835568198867e-01	-1.147878356685533285e+00
1.427525081396381623e-01	-2.492282741878611152e-01	-1.369533142206786902e+00
3.906292186462352878e-01	-5.304672186505796638e-01	-1.063583340791143028e+00
2.442682810277576333e-01	5.761997592431660209e-01	-1.316074619964603620e+00
-8.337336514522875053e-02	-8.707675230984646131e-01	-3.337918305521497153e+00
3.480358514896674804e-01	-1.047881565358899092e-01	-2.619364848322582873e-01
2.811805885397159477e-01	-4.058983763604410155e-01	-2.460850846247217838e-01
5.609097644376210834e-01	-2.667524090363190270e-01	-1.710511505775331509e+00
-4.700052916590841123e-02	3.853208917310324555e-02	-2.962306022969753982e-01
3.268415522785697025e-01	-3.636874865385908429e-01	-3.590621380540646612e+00
2.471041469909410759e-01	-5.241165659335064175e-01	-6.830082216833859299e-01
1.558707185441353671e-01	-9.673246693521676542e-01	-4.071855484790273039e+00
2.980017969785788146e-01	-9.468190565012091220e-01	-1.688623751858172595e+00
2.684732314384152829e-05	-5.005352204799914384e-01	-1.206742871768566872e+00
2.879637555770127033e-01	-1.555332527682762866e-01	-1.325436886163264827e-01
3.417288909042837108e-01	-1.538885753937161649e+00	-1.048365156720590718e+00
9.991552629384471695e-02	-1.268772858633758771e-01	-1.938652465287011184e+00
2.982452140952607800e-01	-6.017432864817088278e-01	-3.060947171905837649e+00
4.151195604226189939e-01	-3.668750545408381303e-01	-1.203353725865449420e+00
1.754695377125989331e-02	-3.074609837397390688e-01	-1.614772099679009809e+00
-8.779815743016616825e-02	-9.371523560735144365e-01	-1.625194263744845102e+00
2.994820641139706585e-01	-2.545233928759222941e-01	4.432494193225959833e-01
-2.733153103139257523e-02	-9.758646018678396317e-02	-1.668499143909718097e+00
6.328809001120443145e-02	-7.394805549665011135e-01	-3.084772775310630877e+00
1.019764649213731611e-01	-2.766541391030448160e-01	-8.934222340076068969e-01
2.221704333212732307e-01	-6.305588016792430528e-01	6.163396996418923912e-02
3.606395254930502836e-01	-8.828444556120293996e-01	1.113347174085818292e+00
-1.243109017167923214e-02	-3.883676183859467446e-01	-9.707960238116692953e-01
2.173499411907554579e-01	-4.994727491265642527e-01	-1.351011662449596917e+00
2.439492679879372017e-01	-5.978185954244452649e-01	-4.993543426437597965e+00
-2.890513625007185006e-02	6.264030214868510082e-02	1.737146629828412614e+00
-9.555272514822460428e-02	-4.098909468768696662e-01	-1.900892742579227690e+00
2.145761001564801262e-01	-6.957796747052158448e-01	-1.658224533604003348e+00
4.130337248396717120e-01	-1.239468506116115920e-01	-4.885569035477019817e-01
-6.165781000938036494e-03	-2.507436127289289218e-01	-1.582225508700840777e-01
2.010945034795612041e-01	-7.885095812351662348e-01	-3.743436430663131809e-01
-4.953418164806772106e-02	-1.347209158011024588e+00	-3.009350808822776280e+00
-1.005331380828017318e-02	-6.590481575427452610e-01	-2.366253737207415941e+00
5.319104375128440310e-02	-6.901808483514833004e-01	-2.476555426475517852e+00
3.066562390686606854e-01	-1.058760352654027681e+00	-2.650570729747663279e-01
1.489441471222360536e-01	-3.540297921273547477e-01	-9.040697103510874078e-01
1.811196851312160683e-02	-5.817805849877962787e-01	5.630728173223298327e-03
-4.921758038795467916e-02	-2.746249704470968833e-01	1.214844683200063002e+00
2.029720479641241859e-01	-7.216277215447596260e-01	-4.091148355686108351e-01
3.265679635261479197e-01	-5.672078050325449761e-01	9.326813914615055268e-01
5.566309570592696543e-02	-8.437365174802128331e-01	-5.010883986115977073e-01
-6.961991852312404694e-02	-2.523557304179409044e-01	-2.418212629759267429e+00
5.159510502602590587e-03	-9.153040428602728928e-01	-8.443991163793251875e-01
-2.886819602175863531e-03	-4.314683209643855322e-01	-3.341573488040638029e+00
5.220580250793464827e-02	-1.146980846701988188e+00	-2.003804011808035135e+00
1.161313850925246027e-01	-8.801142866433833145e-01	2.564747570614523964e-01
2.671567251177592306e-01	-8.171740434440170064e-01	-3.872823415006754200e-01
-2.168330059963026468e-02	-9.668699605496420268e-01	8.866276550216372065e-01
9.590345408887018808e-02	-9.774330236469084277e-01	-1.526986272391641419e+00
3.287383941817978439e-02	-1.493094904367965325e+00	2.543074037273744814e-01
2.285153707836384135e-02	-1.407256814836262304e+00	-7.024028304529643663e-01
6.944673274008184016e-02	-1.293037930675089875e+00	-3.016839204536397201e+00
5.847296979540346495e-03	-5.644623834094787407e-01	4.065771329902490017e-01
-2.095167418753499100e-02	-1.411643720504985211e+00	-4.036251941939524857e-01
2.453065450701856776e-01	-1.528784418812988655e+00	1.804557015277949095e+00
-2.011987617374387249e-01	-1.169760580538572903e+00	1.177712970148292904e+00
-4.211669441803670422e-01	-1.210904738356597399e+00	-2.668443376909495512e+00
1.624080457959039825e-01	-8.989912705491114320e-01	-2.569104162151525372e+00
2.847577347802365821e-01	-1.329332853915872192e+00	5.728383523117823728e-01
-1.333978031616439575e-02	-9.959576198078580189e-01	-2.334492847233894164e+00
3.614156189612958148e-01	-1.176916156373084110e+00	-2.550573012343370305e+00
2.512099443684122080e-01	-1.196853847087897993e+00	-6.356844016843949952e-01
-1.138460761758861364e-02	-1.508914669818484100e-02	1.235651945998024637e+00
1.121885031379561415e-01	-1.102436874185139803e+00	1.567357910569841417e+00
-1.464977709100359071e-01	-2.853652584986143825e-01	9.886664268279939938e-01
-3.532215535599734363e-02	-9.991946213670278576e-01	1.632229093469901526e+00
1.019193061684073448e-01	-7.668023304270408236e-01	3.866241664208251994e-01
-2.010093446500456696e-02	-5.467909304479635635e-01	-7.903639144770326919e-01
-4.239372980795359791e-02	-9.956562391191416950e-01	6.117901656849406011e-02
-1.717408263934570023e-01	-1.519602337659116564e+00	4.008373013801396212e-01
-3.958323713745426353e-02	-1.614012951831351295e+00	-1.602622243467926033e-01
-1.192583719654444624e-01	-1.535183295635460521e+00	-5.183486709260622938e-01
-3.338286858678091856e-02	-8.750377296406018912e-01	-5.644228605448842195e-01
1.273171805875803753e-01	-1.087211648577844914e+00	-1.378282405539327238e+00
-5.352318463639840207e-01	-5.177113383835942884e-01	-5.334638914665605913e-01
-2.268932861913009746e-01	-8.732840853195332764e-01	6.232154463697311408e-01
1.075242046992867240e-01	-1.028958834661416910e+00	3.516075306319411453e+00
3.435367254735487152e-02	-3.536726924578059705e-01	1.497237308135822786e+00
-9.633510798190303426e-02	-2.959827438315557058e-01	1.360554571545729230e+00
1.186841809804922987e-01	-1.169516966854211137e+00	3.070131349073605964e-01
-1.275429334004652554e-02	-1.111245774598222935e+00	2.297641730966870632e+00
-2.633447041839261371e-01	-2.407873766731190024e-01	1.797447148377204540e+00
-2.769012640246393958e-02	-1.229290883240810484e+00	7.461416274193328757e-01
-6.848892450404957255e-02	-6.848733152693485815e-01	1.691172747423906886e-01
4.865471174045304936e-02	-7.370249079210519083e-01	-3.032304764996920365e-01
-3.452889752302288479e-02	-3.270246134755793177e-01	2.835909952629658726e+00
-1.304793325752424127e-01	-7.563410108926397202e-01	2.344932986537394015e+00
-1.279301373020943489e-01	-6.398520524313615621e-01	-6.549184100364215944e-01
-2.890422738814688586e-01	-1.353900025415097019e+00	8.900914942807434116e-01
-1.357177105602377920e-02	-2.571313546597539523e-01	2.587134155630805843e+00
-3.487363329255076527e-01	-3.160140256002407777e-01	1.230467565048472878e+00
1.843309322213271262e-02	-1.823684313014334979e+00	-3.373069242157906711e-01
-1.434841806903369987e-01	-1.802947073367340280e-01	2.484520304029318449e+00
-1.329685128805407068e-01	-1.346246886611021987e+00	6.719401705067615804e-01
-7.353907202171588997e-02	-8.498237923519343928e-01	-1.343413832511312744e+00
2.186130224281093715e-02	-6.767072251630267266e-01	5.435587585214811668e-01
-1.039162781778269901e-01	-7.795445418332080934e-01	1.414169758218168704e+00
-2.491373479466965635e-01	-9.308066282123286239e-01	-4.895047011591930897e-01
-4.174284067876676829e-02	-7.103967773975039535e-01	3.878102204723762103e+00
-5.425835464802264418e-01	-1.156235901823196244e+00	9.998187144776076174e-01
2.372697566580271311e-01	-1.261222259430145876e+00	-1.634739398626451123e+00
-2.104781362384527954e-01	-1.189565217719475543e+00	1.665411721192020300e+00
-4.043067909442145114e-01	-7.112568901468118154e-01	-4.490041135297007102e-02
3.430393655080685722e-01	-7.062398186484186713e-02	2.975309848954168501e+00
-3.050850345147371190e-01	-6.449122267210398718e-01	1.621937332509971963e+00
8.333394265986893146e-03	-9.499730063892808385e-01	-6.891430055902354468e-01
-2.261769428863208142e-01	-3.976409399397903277e-01	2.179507173499435346e+00
-2.840861191301709554e-01	-3.669710105661090349e-01	2.988384235018558321e+00
-1.590776268741582733e-01	-1.340549606801275218e+00	1.355738912507463034e+00
-2.222822705593245352e-01	-2.352029353863984706e-01	-1.495148107993622411e-01
-1.712647383002804946e-02	-9.068543223068792347e-01	-5.897292823654480820e-01
-2.480390078575898105e-01	-7.313270949744954397e-01	1.550294971929338184e+00
-1.358725498054593195e-01	-4.965052831199283090e-01	2.538984597059156911e+00
9.025921809607517776e-02	-5.820700097134771100e-01	2.229183041615044214e+00
-2.537716698665872794e-01	1.123894525945634548e-01	3.423179957883182301e+00
-4.620066365912722794e-03	-3.149624406104400975e-02	1.374328386091289822e+00
-9.448133963411282921e-02	-3.950675352117938854e-01	7.163446707381837530e-01
-9.018306014927782166e-02	-7.788107794562326713e-01	8.515083148420350412e-01
-2.137557039440551865e-02	-1.147711280397303302e+00	3.895698310739838632e+00
-1.499797758719882967e-01	-5.202246141575934679e-01	5.634058530681423704e+00
-4.093150338528589449e-01	-6.568201536189595124e-01	-4.906121502510440990e-02
-2.429807089447175994e-01	-7.157330114975590796e-01	-9.743365137831538902e-02
-2.322612084240398000e-01	-3.303613003373634949e-01	1.791732125904091699e+00
4.355802734626515460e-02	-1.931784996005800337e-01	1.845422826447964848e+00
-4.162541411795021018e-01	8.419488353024806582e-02	1.012312794105083569e+00
-3.907468171884646013e-01	-5.898104352785012994e-01	3.656630413365672627e+00
5.378679027043070660e-02	-7.021303161930814163e-01	9.775803066222943372e-01
-5.371094154561750766e-01	-3.394364789609204403e-01	3.760159094817289827e+00
-2.159556204560557913e-01	-4.634048651048322531e-01	1.678211054638974575e+00
