time
0.000000000000000000e+00
4.997751012044579673e-03
9.995502024089159346e-03
1.499325303613373815e-02
1.999100404817831869e-02
2.498875506022289750e-02
2.998650607226747630e-02
3.498425708431205511e-02
3.998200809635663738e-02
4.497975910840121272e-02
4.997751012044579499e-02
5.497526113249037727e-02
5.997301214453495261e-02
6.497076315657952794e-02
6.996851416862411022e-02
7.496626518066869249e-02
7.996401619271327477e-02
8.496176720475785704e-02
8.995951821680242544e-02
9.495726922884700771e-02
9.995502024089158999e-02
1.049527712529361723e-01
1.099505222649807545e-01
1.149482732770253229e-01
1.199460242890699052e-01
1.249437753011144875e-01
1.299415263131590559e-01
1.349392773252036382e-01
1.399370283372482204e-01
1.449347793492928027e-01
1.499325303613373850e-01
1.549302813733819673e-01
1.599280323854265495e-01
1.649257833974711318e-01
1.699235344095157141e-01
1.749212854215602686e-01
1.799190364336048509e-01
1.849167874456494332e-01
1.899145384576940154e-01
1.949122894697385977e-01
1.999100404817831800e-01
2.049077914938277623e-01
2.099055425058723445e-01
2.149032935179169268e-01
2.199010445299615091e-01
2.248987955420060636e-01
2.298965465540506459e-01
2.348942975660952281e-01
2.398920485781398104e-01
2.448897995901843927e-01
2.498875506022289750e-01
2.548853016142735295e-01
2.598830526263181118e-01
2.648808036383626940e-01
2.698785546504072763e-01
2.748763056624518586e-01
2.798740566744964409e-01
2.848718076865410231e-01
2.898695586985856054e-01
2.948673097106301877e-01
2.998650607226747700e-01
3.048628117347193522e-01
3.098605627467639345e-01
3.148583137588085168e-01
3.198560647708530991e-01
3.248538157828976813e-01
3.298515667949422636e-01
3.348493178069868459e-01
3.398470688190314282e-01
3.448448198310759549e-01
3.498425708431205372e-01
3.548403218551651195e-01
3.598380728672097018e-01
3.648358238792542840e-01
3.698335748912988663e-01
3.748313259033434486e-01
3.798290769153880309e-01
3.848268279274326131e-01
3.898245789394771954e-01
3.948223299515217777e-01
3.998200809635663600e-01
4.048178319756109422e-01
4.098155829876555245e-01
4.148133339997001068e-01
4.198110850117446891e-01
4.248088360237892713e-01
4.298065870358338536e-01
4.348043380478784359e-01
4.398020890599230182e-01
4.447998400719675449e-01
4.497975910840121272e-01
4.547953420960567095e-01
4.597930931081012917e-01
4.647908441201458740e-01
4.697885951321904563e-01
4.747863461442350386e-01
4.797840971562796208e-01
4.847818481683242031e-01
4.897795991803687854e-01
4.947773501924133677e-01
4.997751012044579499e-01
5.047728522165024767e-01
5.097706032285470590e-01
5.147683542405916413e-01
5.197661052526362235e-01
5.247638562646808058e-01
5.297616072767253881e-01
5.347593582887699704e-01
5.397571093008145526e-01
5.447548603128591349e-01
5.497526113249037172e-01
5.547503623369482995e-01
5.597481133489928817e-01
5.647458643610374640e-01
5.697436153730820463e-01
5.747413663851266286e-01
5.797391173971712108e-01
5.847368684092157931e-01
5.897346194212603754e-01
5.947323704333049577e-01
5.997301214453495399e-01
6.047278724573941222e-01
6.097256234694387045e-01
6.147233744814832868e-01
6.197211254935278690e-01
6.247188765055724513e-01
6.297166275176170336e-01
6.347143785296616159e-01
6.397121295417061981e-01
6.447098805537507804e-01
6.497076315657953627e-01
6.547053825778399450e-01
6.597031335898845272e-01
6.647008846019291095e-01
6.696986356139736918e-01
6.746963866260182741e-01
6.796941376380628563e-01
6.846918886501074386e-01
6.896896396621519099e-01
6.946873906741964921e-01
6.996851416862410744e-01
7.046828926982856567e-01
7.096806437103302390e-01
7.146783947223748212e-01
7.196761457344194035e-01
7.246738967464639858e-01
7.296716477585085681e-01
7.346693987705531503e-01
7.396671497825977326e-01
7.446649007946423149e-01
7.496626518066868972e-01
7.546604028187314794e-01
7.596581538307760617e-01
7.646559048428206440e-01
7.696536558548652263e-01
7.746514068669098085e-01
7.796491578789543908e-01
7.846469088909989731e-01
7.896446599030435554e-01
7.946424109150881376e-01
7.996401619271327199e-01
8.046379129391773022e-01
8.096356639512218845e-01
8.146334149632664667e-01
8.196311659753110490e-01
8.246289169873556313e-01
8.296266679994002136e-01
8.346244190114447958e-01
8.396221700234893781e-01
8.446199210355339604e-01
8.496176720475785427e-01
8.546154230596231249e-01
8.596131740716677072e-01
8.646109250837122895e-01
8.696086760957568718e-01
8.746064271078014540e-01
8.796041781198460363e-01
8.846019291318906186e-01
8.895996801439350898e-01
8.945974311559796721e-01
8.995951821680242544e-01
9.045929331800688367e-01
9.095906841921134189e-01
9.145884352041580012e-01
9.195861862162025835e-01
9.245839372282471658e-01
9.295816882402917480e-01
9.345794392523363303e-01
9.395771902643809126e-01
9.445749412764254949e-01
9.495726922884700771e-01
9.545704433005146594e-01
9.595681943125592417e-01
9.645659453246038240e-01
9.695636963366484062e-01
9.745614473486929885e-01
9.795591983607375708e-01
9.845569493727821531e-01
9.895547003848267353e-01
9.945524513968713176e-01
9.995502024089158999e-01
1.004547953420960482e+00
1.009545704433004953e+00
1.014543455445049647e+00
1.019541206457094118e+00
1.024538957469138811e+00
1.029536708481183283e+00
1.034534459493227976e+00
1.039532210505272447e+00
1.044529961517317140e+00
1.049527712529361612e+00
1.054525463541406305e+00
1.059523214553450776e+00
1.064520965565495469e+00
1.069518716577539941e+00
1.074516467589584634e+00
1.079514218601629105e+00
1.084511969613673799e+00
1.089509720625718270e+00
1.094507471637762963e+00
1.099505222649807434e+00
1.104502973661852128e+00
1.109500724673896599e+00
1.114498475685941292e+00
1.119496226697985763e+00
1.124493977710030457e+00
1.129491728722074928e+00
1.134489479734119621e+00
1.139487230746164093e+00
1.144484981758208786e+00
1.149482732770253257e+00
1.154480483782297950e+00
1.159478234794342422e+00
1.164475985806387115e+00
1.169473736818431586e+00
1.174471487830476280e+00
1.179469238842520751e+00
1.184466989854565222e+00
1.189464740866609915e+00
1.194462491878654387e+00
1.199460242890699080e+00
1.204457993902743551e+00
1.209455744914788244e+00
1.214453495926832716e+00
1.219451246938877409e+00
1.224448997950921880e+00
1.229446748962966574e+00
1.234444499975011045e+00
1.239442250987055738e+00
1.244440001999100209e+00
1.249437753011144903e+00
1.254435504023189374e+00
1.259433255035234067e+00
1.264431006047278538e+00
1.269428757059323232e+00
1.274426508071367703e+00
1.279424259083412396e+00
1.284422010095456868e+00
1.289419761107501561e+00
1.294417512119546032e+00
1.299415263131590725e+00
1.304413014143635197e+00
1.309410765155679890e+00
1.314408516167724361e+00
1.319406267179769054e+00
1.324404018191813526e+00
1.329401769203858219e+00
1.334399520215902690e+00
1.339397271227947384e+00
1.344395022239991855e+00
1.349392773252036548e+00
1.354390524264081019e+00
1.359388275276125713e+00
1.364386026288170184e+00
1.369383777300214877e+00
1.374381528312259348e+00
1.379379279324303820e+00
1.384377030336348513e+00
1.389374781348392984e+00
1.394372532360437678e+00
1.399370283372482149e+00
1.404368034384526842e+00
1.409365785396571313e+00
1.414363536408616007e+00
1.419361287420660478e+00
1.424359038432705171e+00
1.429356789444749642e+00
1.434354540456794336e+00
1.439352291468838807e+00
1.444350042480883500e+00
1.449347793492927972e+00
1.454345544504972665e+00
1.459343295517017136e+00
1.464341046529061829e+00
1.469338797541106301e+00
1.474336548553150994e+00
1.479334299565195465e+00
1.484332050577240159e+00
1.489329801589284630e+00
1.494327552601329323e+00
1.499325303613373794e+00
1.504323054625418488e+00
1.509320805637462959e+00
1.514318556649507652e+00
1.519316307661552123e+00
1.524314058673596817e+00
1.529311809685641288e+00
1.534309560697685981e+00
1.539307311709730453e+00
1.544305062721775146e+00
1.549302813733819617e+00
1.554300564745864310e+00
1.559298315757908782e+00
1.564296066769953475e+00
1.569293817781997946e+00
1.574291568794042639e+00
1.579289319806087111e+00
1.584287070818131582e+00
1.589284821830176275e+00
1.594282572842220747e+00
1.599280323854265440e+00
1.604278074866309911e+00
1.609275825878354604e+00
1.614273576890399076e+00
1.619271327902443769e+00
1.624269078914488240e+00
1.629266829926532933e+00
1.634264580938577405e+00
1.639262331950622098e+00
1.644260082962666569e+00
1.649257833974711263e+00
1.654255584986755734e+00
1.659253335998800427e+00
1.664251087010844898e+00
1.669248838022889592e+00
1.674246589034934063e+00
1.679244340046978756e+00
1.684242091059023227e+00
1.689239842071067921e+00
1.694237593083112392e+00
1.699235344095157085e+00
1.704233095107201557e+00
1.709230846119246250e+00
1.714228597131290721e+00
1.719226348143335414e+00
1.724224099155379886e+00
1.729221850167424579e+00
1.734219601179469050e+00
1.739217352191513744e+00
1.744215103203558215e+00
1.749212854215602908e+00
1.754210605227647379e+00
1.759208356239692073e+00
1.764206107251736544e+00
1.769203858263781237e+00
1.774201609275825708e+00
1.779199360287870180e+00
1.784197111299914873e+00
1.789194862311959344e+00
1.794192613324004038e+00
1.799190364336048509e+00
1.804188115348093202e+00
1.809185866360137673e+00
1.814183617372182367e+00
1.819181368384226838e+00
1.824179119396271531e+00
1.829176870408316002e+00
1.834174621420360696e+00
1.839172372432405167e+00
1.844170123444449860e+00
1.849167874456494332e+00
1.854165625468539025e+00
1.859163376480583496e+00
1.864161127492628189e+00
1.869158878504672661e+00
1.874156629516717354e+00
1.879154380528761825e+00
1.884152131540806518e+00
1.889149882552850990e+00
1.894147633564895683e+00
1.899145384576940154e+00
1.904143135588984848e+00
1.909140886601029319e+00
1.914138637613074012e+00
1.919136388625118483e+00
1.924134139637163177e+00
1.929131890649207648e+00
1.934129641661252341e+00
1.939127392673296812e+00
1.944125143685341506e+00
1.949122894697385977e+00
1.954120645709430670e+00
1.959118396721475142e+00
1.964116147733519835e+00
1.969113898745564306e+00
1.974111649757608777e+00
1.979109400769653471e+00
1.984107151781697942e+00
1.989104902793742635e+00
1.994102653805787106e+00
1.999100404817831800e+00
2.004098155829876493e+00
2.009095906841920964e+00
2.014093657853965436e+00
2.019091408866009907e+00
2.024089159878054822e+00
2.029086910890099293e+00
2.034084661902143765e+00
2.039082412914188236e+00
2.044080163926233151e+00
2.049077914938277623e+00
2.054075665950322094e+00
2.059073416962366565e+00
2.064071167974411480e+00
2.069068918986455952e+00
2.074066669998500423e+00
2.079064421010544894e+00
2.084062172022589809e+00
2.089059923034634281e+00
2.094057674046678752e+00
2.099055425058723223e+00
2.104053176070768139e+00
2.109050927082812610e+00
2.114048678094857081e+00
2.119046429106901552e+00
2.124044180118946468e+00
2.129041931130990939e+00
2.134039682143035410e+00
2.139037433155079881e+00
2.144035184167124797e+00
2.149032935179169268e+00
2.154030686191213739e+00
2.159028437203258211e+00
2.164026188215303126e+00
2.169023939227347597e+00
2.174021690239392068e+00
2.179019441251436540e+00
2.184017192263481011e+00
2.189014943275525926e+00
2.194012694287570397e+00
2.199010445299614869e+00
2.204008196311659340e+00
2.209005947323704255e+00
2.214003698335748727e+00
2.219001449347793198e+00
2.223999200359837669e+00
2.228996951371882584e+00
2.233994702383927056e+00
2.238992453395971527e+00
2.243990204408015998e+00
2.248987955420060914e+00
2.253985706432105385e+00
2.258983457444149856e+00
2.263981208456194327e+00
2.268978959468239243e+00
2.273976710480283714e+00
2.278974461492328185e+00
2.283972212504372656e+00
2.288969963516417572e+00
2.293967714528462043e+00
2.298965465540506514e+00
2.303963216552550985e+00
2.308960967564595901e+00
2.313958718576640372e+00
2.318956469588684843e+00
2.323954220600729315e+00
2.328951971612774230e+00
2.333949722624818701e+00
2.338947473636863172e+00
2.343945224648907644e+00
2.348942975660952559e+00
2.353940726672997030e+00
2.358938477685041502e+00
2.363936228697085973e+00
2.368933979709130444e+00
2.373931730721175359e+00
2.378929481733219831e+00
2.383927232745264302e+00
2.388924983757308773e+00
2.393922734769353688e+00
2.398920485781398160e+00
2.403918236793442631e+00
2.408915987805487102e+00
2.413913738817532018e+00
2.418911489829576489e+00
2.423909240841620960e+00
2.428906991853665431e+00
2.433904742865710347e+00
2.438902493877754818e+00
2.443900244889799289e+00
2.448897995901843760e+00
2.453895746913888676e+00
2.458893497925933147e+00
2.463891248937977618e+00
2.468888999950022090e+00
2.473886750962067005e+00
2.478884501974111476e+00
2.483882252986155947e+00
2.488880003998200419e+00
2.493877755010245334e+00
2.498875506022289805e+00
2.503873257034334276e+00
2.508871008046378748e+00
2.513868759058423663e+00
2.518866510070468134e+00
2.523864261082512606e+00
2.528862012094557077e+00
2.533859763106601992e+00
2.538857514118646463e+00
2.543855265130690935e+00
2.548853016142735406e+00
2.553850767154780321e+00
2.558848518166824793e+00
2.563846269178869264e+00
2.568844020190913735e+00
2.573841771202958206e+00
2.578839522215003122e+00
2.583837273227047593e+00
2.588835024239092064e+00
2.593832775251136535e+00
2.598830526263181451e+00
2.603828277275225922e+00
2.608826028287270393e+00
2.613823779299314864e+00
2.618821530311359780e+00
2.623819281323404251e+00
2.628817032335448722e+00
2.633814783347493194e+00
2.638812534359538109e+00
2.643810285371582580e+00
2.648808036383627051e+00
2.653805787395671523e+00
2.658803538407716438e+00
2.663801289419760909e+00
2.668799040431805381e+00
2.673796791443849852e+00
2.678794542455894767e+00
2.683792293467939238e+00
2.688790044479983710e+00
2.693787795492028181e+00
2.698785546504073096e+00
2.703783297516117567e+00
2.708781048528162039e+00
2.713778799540206510e+00
2.718776550552251425e+00
2.723774301564295897e+00
2.728772052576340368e+00
2.733769803588384839e+00
2.738767554600429754e+00
2.743765305612474226e+00
2.748763056624518697e+00
2.753760807636563168e+00
2.758758558648607639e+00
2.763756309660652555e+00
2.768754060672697026e+00
2.773751811684741497e+00
2.778749562696785969e+00
2.783747313708830884e+00
2.788745064720875355e+00
2.793742815732919826e+00
2.798740566744964298e+00
2.803738317757009213e+00
2.808736068769053684e+00
2.813733819781098155e+00
2.818731570793142627e+00
2.823729321805187542e+00
2.828727072817232013e+00
2.833724823829276485e+00
2.838722574841320956e+00
2.843720325853365871e+00
2.848718076865410342e+00
2.853715827877454814e+00
2.858713578889499285e+00
2.863711329901544200e+00
2.868709080913588672e+00
2.873706831925633143e+00
2.878704582937677614e+00
2.883702333949722529e+00
2.888700084961767001e+00
2.893697835973811472e+00
2.898695586985855943e+00
2.903693337997900858e+00
2.908691089009945330e+00
2.913688840021989801e+00
2.918686591034034272e+00
2.923684342046079188e+00
2.928682093058123659e+00
2.933679844070168130e+00
2.938677595082212601e+00
2.943675346094257517e+00
2.948673097106301988e+00
2.953670848118346459e+00
2.958668599130390930e+00
2.963666350142435402e+00
2.968664101154480317e+00
2.973661852166524788e+00
2.978659603178569260e+00
2.983657354190613731e+00
2.988655105202658646e+00
2.993652856214703117e+00
2.998650607226747589e+00
3.003648358238792060e+00
3.008646109250836975e+00
3.013643860262881446e+00
3.018641611274925918e+00
3.023639362286970389e+00
3.028637113299015304e+00
3.033634864311059776e+00
3.038632615323104247e+00
3.043630366335148718e+00
3.048628117347193633e+00
3.053625868359238105e+00
3.058623619371282576e+00
3.063621370383327047e+00
3.068619121395371963e+00
3.073616872407416434e+00
3.078614623419460905e+00
3.083612374431505376e+00
3.088610125443550292e+00
3.093607876455594763e+00
3.098605627467639234e+00
3.103603378479683705e+00
3.108601129491728621e+00
3.113598880503773092e+00
3.118596631515817563e+00
3.123594382527862034e+00
3.128592133539906950e+00
3.133589884551951421e+00
3.138587635563995892e+00
3.143585386576040364e+00
3.148583137588085279e+00
3.153580888600129750e+00
3.158578639612174221e+00
3.163576390624218693e+00
3.168574141636263164e+00
3.173571892648308079e+00
3.178569643660352551e+00
3.183567394672397022e+00
3.188565145684441493e+00
3.193562896696486408e+00
3.198560647708530880e+00
3.203558398720575351e+00
3.208556149732619822e+00
3.213553900744664737e+00
3.218551651756709209e+00
3.223549402768753680e+00
3.228547153780798151e+00
3.233544904792843067e+00
3.238542655804887538e+00
3.243540406816932009e+00
3.248538157828976480e+00
3.253535908841021396e+00
3.258533659853065867e+00
3.263531410865110338e+00
3.268529161877154809e+00
3.273526912889199725e+00
3.278524663901244196e+00
3.283522414913288667e+00
3.288520165925333139e+00
3.293517916937378054e+00
3.298515667949422525e+00
3.303513418961466996e+00
3.308511169973511468e+00
3.313508920985556383e+00
3.318506671997600854e+00
3.323504423009645325e+00
3.328502174021689797e+00
3.333499925033734712e+00
3.338497676045779183e+00
3.343495427057823655e+00
3.348493178069868126e+00
3.353490929081912597e+00
3.358488680093957512e+00
3.363486431106001984e+00
3.368484182118046455e+00
3.373481933130090926e+00
3.378479684142135842e+00
3.383477435154180313e+00
3.388475186166224784e+00
3.393472937178269255e+00
3.398470688190314171e+00
3.403468439202358642e+00
3.408466190214403113e+00
3.413463941226447584e+00
3.418461692238492500e+00
3.423459443250536971e+00
3.428457194262581442e+00
3.433454945274625913e+00
3.438452696286670829e+00
3.443450447298715300e+00
3.448448198310759771e+00
3.453445949322804243e+00
3.458443700334849158e+00
3.463441451346893629e+00
3.468439202358938100e+00
3.473436953370982572e+00
3.478434704383027487e+00
3.483432455395071958e+00
3.488430206407116430e+00
3.493427957419160901e+00
3.498425708431205816e+00
3.503423459443250287e+00
3.508421210455294759e+00
3.513418961467339230e+00
3.518416712479384145e+00
3.523414463491428616e+00
3.528412214503473088e+00
3.533409965515517559e+00
3.538407716527562474e+00
3.543405467539606946e+00
3.548403218551651417e+00
3.553400969563695888e+00
3.558398720575740359e+00
3.563396471587785275e+00
3.568394222599829746e+00
3.573391973611874217e+00
3.578389724623918688e+00
3.583387475635963604e+00
3.588385226648008075e+00
3.593382977660052546e+00
3.598380728672097018e+00
3.603378479684141933e+00
3.608376230696186404e+00
3.613373981708230875e+00
3.618371732720275347e+00
3.623369483732320262e+00
3.628367234744364733e+00
3.633364985756409204e+00
3.638362736768453676e+00
3.643360487780498591e+00
3.648358238792543062e+00
3.653355989804587534e+00
3.658353740816632005e+00
3.663351491828676920e+00
3.668349242840721391e+00
3.673346993852765863e+00
3.678344744864810334e+00
3.683342495876855249e+00
3.688340246888899721e+00
3.693337997900944192e+00
3.698335748912988663e+00
3.703333499925033578e+00
3.708331250937078050e+00
3.713329001949122521e+00
3.718326752961166992e+00
3.723324503973211907e+00
3.728322254985256379e+00
3.733320005997300850e+00
3.738317757009345321e+00
3.743315508021389793e+00
3.748313259033434708e+00
3.753311010045479179e+00
3.758308761057523650e+00
3.763306512069568122e+00
3.768304263081613037e+00
3.773302014093657508e+00
3.778299765105701979e+00
3.783297516117746451e+00
3.788295267129791366e+00
3.793293018141835837e+00
3.798290769153880309e+00
3.803288520165924780e+00
3.808286271177969695e+00
3.813284022190014166e+00
3.818281773202058638e+00
3.823279524214103109e+00
3.828277275226148024e+00
3.833275026238192495e+00
3.838272777250236967e+00
3.843270528262281438e+00
3.848268279274326353e+00
3.853266030286370825e+00
3.858263781298415296e+00
3.863261532310459767e+00
3.868259283322504682e+00
3.873257034334549154e+00
3.878254785346593625e+00
3.883252536358638096e+00
3.888250287370683012e+00
3.893248038382727483e+00
3.898245789394771954e+00
3.903243540406816425e+00
3.908241291418861341e+00
3.913239042430905812e+00
3.918236793442950283e+00
3.923234544454994754e+00
3.928232295467039670e+00
3.933230046479084141e+00
3.938227797491128612e+00
3.943225548503173084e+00
3.948223299515217555e+00
3.953221050527262470e+00
3.958218801539306941e+00
3.963216552551351413e+00
3.968214303563395884e+00
3.973212054575440799e+00
3.978209805587485270e+00
3.983207556599529742e+00
3.988205307611574213e+00
3.993203058623619128e+00
3.998200809635663600e+00
4.003198560647708071e+00
4.008196311659752986e+00
4.013194062671797013e+00
4.018191813683841929e+00
4.023189564695886844e+00
4.028187315707930871e+00
4.033185066719975786e+00
4.038182817732019814e+00
4.043180568744064729e+00
4.048178319756109644e+00
4.053176070768153672e+00
4.058173821780198587e+00
4.063171572792243502e+00
4.068169323804287529e+00
4.073167074816332445e+00
4.078164825828376472e+00
4.083162576840421387e+00
4.088160327852466303e+00
4.093158078864510330e+00
4.098155829876555245e+00
4.103153580888600160e+00
4.108151331900644188e+00
4.113149082912689103e+00
4.118146833924733130e+00
4.123144584936778045e+00
4.128142335948822961e+00
4.133140086960866988e+00
4.138137837972911903e+00
4.143135588984955930e+00
4.148133339997000846e+00
4.153131091009045761e+00
4.158128842021089788e+00
4.163126593033134704e+00
4.168124344045179619e+00
4.173122095057223646e+00
4.178119846069268561e+00
4.183117597081312589e+00
4.188115348093357504e+00
4.193113099105402419e+00
4.198110850117446446e+00
4.203108601129491362e+00
4.208106352141536277e+00
4.213104103153580304e+00
4.218101854165625220e+00
4.223099605177669247e+00
4.228097356189714162e+00
4.233095107201759077e+00
4.238092858213803105e+00
4.243090609225848020e+00
4.248088360237892935e+00
4.253086111249936963e+00
4.258083862261981878e+00
4.263081613274025905e+00
4.268079364286070820e+00
4.273077115298115736e+00
4.278074866310159763e+00
4.283072617322204678e+00
4.288070368334249594e+00
4.293068119346293621e+00
4.298065870358338536e+00
4.303063621370382563e+00
4.308061372382427479e+00
4.313059123394472394e+00
4.318056874406516421e+00
4.323054625418561336e+00
4.328052376430606252e+00
4.333050127442650279e+00
4.338047878454695194e+00
4.343045629466739221e+00
4.348043380478784137e+00
4.353041131490829052e+00
4.358038882502873079e+00
4.363036633514917995e+00
4.368034384526962022e+00
4.373032135539006937e+00
4.378029886551051852e+00
4.383027637563095880e+00
4.388025388575140795e+00
4.393023139587185710e+00
4.398020890599229737e+00
4.403018641611274653e+00
4.408016392623318680e+00
4.413014143635363595e+00
4.418011894647408511e+00
4.423009645659452538e+00
4.428007396671497453e+00
4.433005147683542368e+00
4.438002898695586396e+00
4.443000649707631311e+00
4.447998400719675338e+00
4.452996151731720254e+00
4.457993902743765169e+00
4.462991653755809196e+00
4.467989404767854111e+00
4.472987155779899027e+00
4.477984906791943054e+00
4.482982657803987969e+00
4.487980408816031996e+00
4.492978159828076912e+00
4.497975910840121827e+00
4.502973661852165854e+00
4.507971412864210770e+00
4.512969163876255685e+00
4.517966914888299712e+00
4.522964665900344627e+00
4.527962416912388655e+00
4.532960167924433570e+00
4.537957918936478485e+00
4.542955669948522512e+00
4.547953420960567428e+00
4.552951171972611455e+00
4.557948922984656370e+00
4.562946673996701286e+00
4.567944425008745313e+00
4.572942176020790228e+00
4.577939927032835143e+00
4.582937678044879171e+00
4.587935429056924086e+00
4.592933180068968113e+00
4.597930931081013028e+00
4.602928682093057944e+00
4.607926433105101971e+00
4.612924184117146886e+00
4.617921935129191802e+00
4.622919686141235829e+00
4.627917437153280744e+00
4.632915188165324771e+00
4.637912939177369687e+00
4.642910690189414602e+00
4.647908441201458629e+00
4.652906192213503545e+00
4.657903943225548460e+00
4.662901694237592487e+00
4.667899445249637402e+00
4.672897196261681430e+00
4.677894947273726345e+00
4.682892698285771260e+00
4.687890449297815287e+00
4.692888200309860203e+00
4.697885951321905118e+00
4.702883702333949145e+00
4.707881453345994061e+00
4.712879204358038088e+00
4.717876955370083003e+00
4.722874706382127918e+00
4.727872457394171946e+00
4.732870208406216861e+00
4.737867959418260888e+00
4.742865710430305803e+00
4.747863461442350719e+00
4.752861212454394746e+00
4.757858963466439661e+00
4.762856714478484577e+00
4.767854465490528604e+00
4.772852216502573519e+00
4.777849967514617546e+00
4.782847718526662462e+00
4.787845469538707377e+00
4.792843220550751404e+00
4.797840971562796319e+00
4.802838722574841235e+00
4.807836473586885262e+00
4.812834224598930177e+00
4.817831975610974204e+00
4.822829726623019120e+00
4.827827477635064035e+00
4.832825228647108062e+00
4.837822979659152978e+00
4.842820730671197893e+00
4.847818481683241920e+00
4.852816232695286836e+00
4.857813983707330863e+00
4.862811734719375778e+00
4.867809485731420693e+00
4.872807236743464721e+00
4.877804987755509636e+00
4.882802738767554551e+00
4.887800489779598578e+00
4.892798240791643494e+00
4.897795991803687521e+00
4.902793742815732436e+00
4.907791493827777352e+00
4.912789244839821379e+00
4.917786995851866294e+00
4.922784746863910321e+00
4.927782497875955237e+00
4.932780248888000152e+00
4.937777999900044179e+00
4.942775750912089094e+00
4.947773501924134010e+00
4.952771252936178037e+00
4.957769003948222952e+00
4.962766754960266979e+00
4.967764505972311895e+00
4.972762256984356810e+00
4.977760007996400837e+00
4.982757759008445753e+00
4.987755510020490668e+00
4.992753261032534695e+00
