angle	angular_velocity	angular_acceleration
6.043984970226419229e-01	9.853961913108411075e-01	-1.360691964982904345e+00
4.532277172394166276e-01	4.324790724617453286e-01	-4.514526855790562898e+00
4.073545478857903412e-01	1.789317410109179551e+00	-1.318522987164795879e+00
3.887690350283070639e-01	1.258257617288919050e+00	-6.289568684999490955e+00
8.170696900997178602e-01	1.484280643988067361e-01	-7.932623436898006197e+00
5.342859411392187896e-01	2.920169895489083678e-01	-7.681883710526598463e+00
3.863343369309189534e-01	1.425457094975036143e-01	2.628135866136158683e-01
2.579098876295254361e-01	9.019895354989828640e-01	-6.192730242539367325e+00
6.712958568067048937e-01	-9.479522630999764887e-01	-5.208678727480689830e+00
3.662491260490268186e-01	8.090251730655751983e-01	-6.679456485728259452e+00
5.869952096507534689e-01	5.270802703447967641e-01	-4.953610496498629168e+00
7.158263136717116781e-01	-8.284775156021462195e-01	-5.130268837822399952e+00
4.204677322740781875e-01	6.550379766246480218e-01	-3.915592047813738041e+00
8.071965055605165862e-01	6.871434095412238818e-01	-4.375484709941330763e+00
5.989429848398200029e-01	3.221138584109892733e-01	-5.399550863529472444e+00
6.964490653155804845e-01	-2.389878699390407812e-01	-3.766230341902667700e+00
4.781268546043686007e-01	1.395384995354415347e-01	-4.580413725587217044e+00
4.193092813198878721e-01	7.229384302044229438e-01	-3.224560698264588243e+00
5.455184799409923402e-01	-1.097236288869438026e+00	-3.476748154699481397e+00
2.177398724087798998e-01	-2.811587336570144924e-01	-3.555377007252281452e+00
2.279595583744767895e-01	-9.664840874320819175e-01	-2.956468646593081839e+00
6.103402133477883185e-01	-1.455501172498821494e-01	-3.034271277064712002e+00
1.219886894920166331e-01	-5.416414361095072127e-01	-7.263739556325769620e+00
5.883838229361284533e-01	7.908819671981468513e-01	-2.922856191941112680e+00
6.908730367307795994e-01	5.119048687154988952e-01	-4.366988754654833826e+00
9.844895729847515931e-01	-2.250509542162479337e-01	-3.625494448811990456e+00
1.975542204420078218e-01	-3.356447347102900491e-02	-5.065037258188248792e+00
8.484773088053925161e-01	7.058155483544334974e-01	-4.491739313399368605e+00
5.696458275304238095e-01	-4.563917350804969075e-01	-8.589907153727166289e+00
6.851639601372716548e-01	4.616221947864648234e-01	-5.235669975707191170e+00
5.723727350208176468e-01	-2.630633659692965809e-02	-2.985010148525578444e+00
3.683463313344631507e-01	-6.899500617134393110e-01	-3.012634366342389569e+00
3.122739480510425825e-01	-1.251648816905512607e-01	-4.595907049034290814e+00
6.024127207987983734e-01	-4.511587927957236288e-01	-6.286438591269169152e+00
3.271044317394271594e-01	-1.216622261046686138e+00	-4.357111444033225034e+00
6.862047230168988321e-01	1.094412238779752244e-01	-2.794929234348357383e+00
6.420208331756340758e-01	-6.127020146407226031e-01	-4.183176426749461996e+00
6.586400041463158495e-01	-5.668022057315588169e-01	-2.995529944363330976e+00
4.126620952817449672e-01	-6.583662298564334492e-01	-7.561210360896231109e-01
5.853166105331394364e-01	1.317152181916167453e-01	-9.282495794444869830e+00
5.772368269514308592e-01	-2.529028691235722937e-01	-5.158932929872741546e+00
3.025193587836373377e-01	-9.906646798836122869e-01	-4.034147351898329070e+00
6.170968535345230377e-01	3.682380975315355798e-01	-5.143523411601388595e+00
6.539922629707505264e-01	-4.149436652137505344e-01	-5.934547510751372101e+00
9.782173973160468439e-01	-6.183538321938527593e-01	-7.118538611695017337e+00
7.177419074679414202e-01	-5.602757347720306313e-01	-7.662658210514848633e+00
3.323919778632659083e-01	-1.598485668982993824e+00	-7.584744959466021008e+00
6.160561448405822427e-01	-1.720048680456939927e+00	-6.680016633785838209e+00
3.130615472459446491e-01	-6.520177731212719596e-01	-6.561720435699998077e+00
4.060310389131265851e-01	-1.044282202302306839e+00	-3.243935086693374714e+00
2.079220063730426449e-01	-6.001519813489863964e-01	-6.157692707558584111e+00
3.676469100159222014e-01	-5.084877645701812998e-01	-1.955585886357639414e+00
2.709862816527263130e-01	-9.076707284216397609e-01	-8.273307845383541803e+00
1.998299913116253212e-01	-1.570334282438406781e+00	-4.704343319802989143e+00
7.611874764680925942e-01	-1.238993174281748821e+00	-5.267482191693931171e+00
5.514610993097190939e-01	-8.410255410889297956e-01	-4.996951429185574334e+00
4.741681094969747989e-01	-1.392948420883143079e+00	-3.962618977066014736e+00
3.589458687095659073e-02	-1.217382345867285887e+00	-3.145935134891826745e+00
3.982103850949023083e-01	-6.482425634807358339e-01	-3.995819935441265347e+00
2.919924787656671406e-01	-1.424212633845551856e-01	-5.540202298111303492e+00
2.589668441049203240e-01	-1.852234721165541220e+00	-4.972315987013880445e+00
4.533436058035734684e-01	-1.656654254260076620e+00	-4.672978705973340752e+00
3.783174983428096994e-01	-1.578032557358529875e+00	-5.507777649910874374e+00
4.237754659356620657e-01	-6.219994793837464453e-01	-5.238840733178811604e+00
4.349462857506219415e-01	-1.729268438629457227e+00	-5.511196975170598478e+00
1.544713480896778846e-01	-1.317481991213568016e+00	-2.186535879589463605e+00
4.021106586176803055e-01	-2.613503878824245064e+00	-3.197891848242523594e+00
3.687047823478471487e-01	-8.077418946594995264e-01	-6.178921961315889888e+00
2.216409386783393665e-01	-1.503993814401611395e+00	-4.666239509538313790e+00
4.379799551583916650e-01	-2.118933785145352910e+00	-3.232568374119821453e+00
4.492234178341961703e-01	-1.729091808594013902e+00	-1.801680175936797745e+00
1.677531763819882782e-01	-1.187430277315835614e+00	-4.535429960834680863e+00
4.821215815366040047e-01	-1.034187576995505342e+00	-3.824633092871858153e+00
2.830607109237319730e-01	-1.084052382464964381e+00	-3.534936324638794591e+00
3.668826973162020999e-01	-1.842954195402082052e+00	-1.831675387320595538e+00
1.947159505292339887e-01	-1.430335509380653791e+00	-2.941143778571060352e+00
1.736922170815688449e-01	-1.221408792565751300e+00	-5.580283037866134777e+00
3.759054336032746635e-01	-4.568041373232260005e-01	-3.612586974524121253e+00
1.495073911752666240e-01	-1.523062327606019339e+00	-2.546337638891679411e+00
2.336904022080488474e-01	-1.900054887824172312e+00	-2.547169017359592225e+00
-8.917577026666290152e-03	-6.410130186223391702e-01	3.367175105011064318e-01
4.509320575223518812e-01	-1.032067770566874376e+00	1.178476327185388861e+00
4.633469176287252633e-01	-1.875829519899394393e+00	-1.646780358179446901e+00
1.501575816865534652e-01	1.452040926573900936e-01	-1.672099101244457042e+00
7.342250145837049269e-01	-1.741305892218216522e+00	-9.146828485932092523e-01
5.823216935606843059e-01	-1.281053373493683978e+00	-6.778828945055803690e-01
3.947297868560703527e-02	-1.390020507802618654e+00	-1.289938783907234932e+00
2.971844081925919534e-01	-1.226061845754439439e+00	-1.716511826983509126e+00
3.557184244498814429e-01	-1.056929856974607507e+00	1.954821501266242656e+00
4.090751751828486382e-01	-4.156389912638708273e-01	-8.028685148522809456e-01
2.484242521353004773e-01	-1.228825438274709470e+00	-3.753053986389120134e+00
8.817363104731762435e-02	-1.953715348136740415e+00	-1.768322007989871825e+00
6.609293052972586846e-01	-6.073584635763656925e-01	-3.251643826948122928e+00
1.946626524508230927e-01	-1.363831856023531186e+00	-3.303660680878361955e+00
1.763663986106311643e-01	-2.008185670865515693e+00	1.516856570672316717e+00
1.748585172019014866e-01	-1.577376136413518148e+00	-8.711298824826007037e-01
1.932944717033013571e-01	-9.215612491964262354e-01	-3.535662668218336080e+00
-8.581025275225065418e-02	-1.682356310493137608e+00	-6.819617261081443615e+00
2.043361615538614451e-01	-2.090090460231515124e+00	-4.226114263114375547e+00
3.121348873806074620e-01	-1.406810855665374005e+00	-2.107248286501230083e+00
3.863483112213750292e-01	-9.326369406492894809e-01	-8.934199213148907859e-01
8.208515834273352740e-02	-1.412442234206291891e+00	-3.791214027425623412e-01
2.340606863231615153e-01	-1.921080576364189163e+00	2.321819479573226097e-01
3.286992845871500313e-01	-2.268906878994510823e+00	1.202687924701170363e+00
-1.882546759993788399e-01	-1.500001879905977775e+00	-1.517637306127400665e+00
-2.240721791456021794e-01	-1.904226427078719253e+00	-6.662161966785056233e-01
2.821228671033033653e-01	-1.210727368599941567e+00	-1.194377646550056626e+00
1.504716796554879388e-01	-1.321003335444359772e+00	-2.142721597676142231e+00
3.087354541965748322e-01	-1.523330913220426464e+00	-2.410047791647496496e+00
-4.183856801090901634e-02	-1.525134002958936419e+00	-9.037316841040698989e-02
1.363914953753447290e-01	-8.893517466300928653e-01	-3.694305342391584812e+00
2.414769313983178289e-02	-1.628466532987653537e+00	-1.292878220134174860e+00
1.641268280730568685e-01	-9.684371667063552680e-01	-4.915847580588816879e-02
9.947108996821538152e-03	-1.423626936124532172e+00	-1.706462245898152652e+00
9.206785570962106036e-02	-1.592105662099915220e+00	1.840319377140998691e-01
-3.840650246759738651e-01	-6.817527895426107598e-01	-8.099356543916411688e-01
1.442743321473997087e-01	-2.182677970086942754e+00	4.023347679503201491e+00
1.177560229384586876e-01	-2.140887077372077840e+00	3.302031415668673642e-01
7.307808494322957926e-02	-2.422961995149500503e+00	-3.096840562161060628e-01
-5.670985143509853221e-02	-1.677016630839034406e+00	5.434655131485085500e-01
2.020340351971264270e-01	-1.556200749697730812e+00	1.487042487422190140e+00
4.298409537228432553e-01	-1.800502261430546369e+00	-4.507687251020244812e-01
1.653632466385697719e-01	-1.685502195984794005e+00	3.833860141595243132e+00
4.744430144540934952e-02	-1.259307564596561013e+00	2.799189641624388436e+00
-1.533943674215681174e-01	-6.794540051481432474e-01	-2.798667785232155314e+00
-1.022307561072906684e-01	-1.254119922206080817e+00	-3.769623383935885919e+00
-3.580240564271638948e-01	-2.424615851321874516e+00	-1.011102545597260649e+00
-3.576283479096307727e-01	-1.156660378052218885e+00	2.165502237607240144e+00
-8.788316026407760884e-02	-6.261284003467660897e-01	1.162103317046211615e+00
-8.210863051463890283e-02	-2.469212100905701313e+00	2.364043695682115143e+00
3.563599550286893347e-01	-7.827083003553297891e-01	1.691044456472904578e+00
-2.724711958060465483e-02	-6.159322552531638628e-01	3.100714580095487616e+00
-1.676871341626346434e-01	-3.335093966239670582e-01	-2.844334558413714742e-01
-3.214623578778917634e-02	-9.216058005953613463e-01	2.199892352673794793e+00
2.000091667891538694e-01	-1.780538675817104011e+00	-1.673486015142862993e+00
-2.327199872158565996e-01	-2.378621011788911055e+00	1.147534317738818643e-01
7.511878326926363370e-02	-1.400575427066586665e+00	-5.961024751221379869e-01
6.600436215392714578e-02	-2.192582495613064175e+00	3.304227450269166422e+00
-1.669795877112440763e-01	-6.845570809996561756e-01	8.920516017773630901e-01
-1.633991086951317728e-01	-2.489187694846713761e+00	-1.374159097432287258e+00
-2.153961452634857721e-01	-2.911381466905395676e+00	2.063664166286639734e+00
1.468354576085578733e-02	-1.041745955912382282e+00	-3.025831152581306416e-01
-7.545241681435257974e-02	-9.090362452222908729e-01	2.660892153220041578e+00
1.050091147058515584e-01	-8.128716392984313144e-01	5.627587575287229527e-01
-6.922331794780159364e-02	-1.884343914040691903e+00	-3.407828381048210176e-01
-1.795782395918028018e-01	-1.508856995185467564e+00	-1.010779402290651774e+00
-1.066940830669393381e-01	-2.406318501888456751e+00	4.467138904657702803e+00
-5.542785530930037508e-02	-2.141611014644507982e+00	5.150822242311463128e+00
-5.485222085651328960e-01	-7.252660906174207556e-01	-2.453800725295618435e-01
-3.209494014055649380e-01	-1.013973571993626255e+00	1.995249155236231697e-01
-3.692094668455354611e-01	-1.606179379188321432e+00	3.380106713286002762e+00
3.714041306768114392e-01	-1.423078022715605462e+00	-1.601007693193843284e+00
-3.094967661979933782e-01	-4.911082789766859635e-01	2.192421257793821798e+00
-3.428917477021193871e-01	-2.032538642422156538e+00	5.663363959691636307e-01
-5.287714300330409456e-02	-7.072138999302326479e-01	2.156590747986510959e+00
-5.381312124323740509e-01	-1.611487874609119464e+00	4.704135192442480573e+00
-1.771679995212434022e-01	-1.455883538529061827e+00	2.087841607431472291e+00
6.288712737354401616e-03	-1.728807058281478737e+00	4.513631950145383875e+00
-1.368592883802514648e-01	-2.011627211390423220e+00	2.555475128042468125e+00
-1.202915199642970445e-02	-8.445568243887702220e-01	4.314765254082003842e+00
-4.232944081727085806e-02	-2.797394293039357827e+00	4.696946746382021587e+00
-3.106075118410832059e-01	-1.147947232922029492e+00	4.910464029282913145e+00
-2.909239573029778203e-01	-1.441438125419600702e+00	5.949906847409645039e+00
-5.698314001628603798e-01	-1.235045517799204129e+00	2.790437048787990371e-01
-3.722017944350984875e-01	-7.733050326397390428e-01	5.131773458808375210e-02
3.618324708879966378e-02	-1.199775080294739782e+00	2.649552743462234794e+00
-5.575943828470413255e-01	-9.757866126992634781e-01	4.265076966501014866e+00
-2.314518993620531817e-01	-6.438780360776820144e-01	-1.287201829629904815e-01
-2.966571982479684899e-01	-1.920025358182196662e+00	4.089151642620250549e+00
-1.882632434307224822e-01	-1.486519187548194010e+00	4.683500762932008676e+00
-4.281624374845461323e-01	-1.094676099931043645e+00	2.245496230275015215e+00
-4.224965794725122903e-01	-2.041045903257634908e+00	-6.301655570130466621e-01
-2.651534493438001405e-01	-1.535627847226540554e+00	4.277635595282855974e+00
-3.944731162115157064e-01	-1.044806625562613833e+00	2.620406237849302045e+00
-3.552772364274007777e-01	-1.075854562698255412e+00	1.055574868948977674e+00
5.407432022770725100e-02	-7.043168528857267630e-01	1.218739749755418433e+00
2.030728809742336494e-01	-1.550211686927839061e+00	6.053352062467128647e+00
5.526002792407747055e-02	-2.547107718165447565e+00	6.184025941298988194e+00
-1.651872360092105085e-01	-8.979754426032051651e-01	1.791927777617042139e+00
-2.059588877392212192e-01	-1.320467451834960393e+00	4.670559794286795352e+00
-2.693961567057798212e-01	-8.809755392462390589e-01	6.672733358165274353e+00
-3.416128854649790325e-01	-1.487198060532202160e+00	4.410165604611609780e+00
-4.204597009326199175e-01	-4.049989620711898497e-01	1.500865004517374590e+00
-3.014338825608805505e-01	-9.584581564855292335e-01	4.612436470799381460e+00
-1.386381096391173240e-01	-9.595530912548302371e-01	4.663424415015033020e+00
-6.885532781170540240e-01	-7.293403150900114040e-01	2.553770181328856470e+00
-4.891295076981823087e-01	-5.565374881265777729e-01	2.703974628278869030e+00
-4.818904908885584537e-01	-5.887282512102818277e-01	5.087643104902667801e+00
-6.492968165362267285e-01	3.980495791280540541e-01	4.392414255067811801e+00
-6.088517077767374719e-01	-3.760555071713864717e-01	6.177458195102554228e+00
-4.382869265030183703e-01	-1.014207493138334026e+00	2.397984667176509710e+00
-1.562962824602417700e-01	-3.619431801705618179e-01	3.147808458755899430e+00
-2.594857285115058643e-01	-2.305617617612372161e+00	2.280269537379798539e+00
-9.523602164242450652e-02	-2.246180020653669729e-01	2.703582331188481014e+00
-3.742378915087373747e-01	8.802076744707897360e-01	3.825934271035094092e+00
-8.014478423597344303e-01	-5.685108300629645450e-01	5.212919834404047492e+00
-2.421933093130971548e-01	-1.380196159038935111e+00	2.934751525336344535e+00
-6.537567129892420947e-01	-8.449944554757956583e-01	2.576423453012460563e+00
-3.693363803871295703e-01	9.599638678181495743e-01	3.099365588432329233e+00
-4.749527384269855435e-01	-3.037939421028523213e-01	7.277612683738575505e+00
-1.243921993279332727e-01	-3.810641948648997301e-01	4.767825612630841370e+00
-3.383353842507336173e-01	3.261066205180579436e-02	4.214052442508076979e+00
-1.465772478881388619e-01	-9.493097689116605231e-01	1.047839238735912115e+00
-3.841913516686356056e-01	-4.596882895894400245e-01	3.470403925742544082e+00
-3.181177448293062149e-01	-3.439594321162350865e-01	5.077050825673822487e+00
-3.384141872483513169e-01	1.867334229910523336e-01	7.300053989560534973e+00
-4.862231445051850010e-01	-4.423301157849896525e-01	4.833128165482927230e-01
-1.032131963476718428e-01	3.969971631625601738e-02	7.797557623448399866e+00
-8.190292607542687398e-02	8.213484710398988309e-01	5.019909241181837345e+00
-2.517926430095833723e-01	7.558655312144664240e-01	4.305129689705925244e+00
-5.705829657738699101e-01	7.975635748992159213e-01	5.162647725552268696e+00
-5.817420452974402245e-01	5.432820203874385578e-01	1.568618132285752864e+00
-2.797586781056006222e-01	-8.571441028801058959e-01	6.735232768657846592e+00
-6.785478914870054501e-01	4.903699745339530347e-01	5.037756434146864137e+00
-4.542371786769506814e-01	7.908038907054579791e-01	4.801818531214352426e-01
-5.492032145926694087e-01	-2.202933763360654107e-01	5.042254509366787651e+00
-5.196491967841628812e-01	-9.271006066067291052e-01	5.598554637338928330e+00
-3.568213896495754378e-01	2.012020491506551489e-01	2.007411027012441007e+00
-4.629853351611182277e-01	-5.491230615248834379e-01	4.608705915265395525e+00
-4.655235736146720593e-01	3.630814167535605375e-01	2.776051896550899123e+00
-2.393140014660999626e-01	7.128674339862689502e-02	4.911657714454963575e+00
-6.680477877993967750e-01	-1.192502392092429142e+00	2.457986319433654199e+00
-4.898607218588466039e-01	6.217400481022212766e-01	3.808031112933394358e+00
-3.732709027524964140e-01	7.731051873816486841e-01	1.541150016274389856e+00
-2.177078222282757547e-01	-5.976163364612032680e-01	4.183583305623571391e+00
-6.909830275490315143e-01	4.897101472149025664e-02	3.191480405003018994e+00
-3.823783214392844076e-01	-7.787222276082226280e-01	7.657967614770427645e+00
-2.470586086023237593e-01	-5.174184807330042268e-01	6.243894386266547691e+00
-5.118921459517730144e-01	-2.329973692097559168e-01	3.610961232975400836e+00
-4.456325972421969484e-01	5.168116909861266706e-01	4.197410324195272047e+00
-6.567266580253443564e-01	-1.023857268710043567e+00	3.022425362930345472e+00
-2.354613101364524674e-01	-5.739992440041410404e-01	4.505633333173414634e+00
-9.722637980970771920e-01	4.646285828799455730e-01	1.779151018713411858e-01
6.670407201228834015e-02	3.164687216868524722e-01	3.732817226029546909e+00
-2.855997474149485349e-01	9.352783036314756826e-01	5.893095446755800104e+00
-5.030290896507746412e-01	1.229968714605799374e+00	3.020794012879536528e+00
-4.050511877682417272e-01	1.511835876962641934e-01	2.660417479250555495e+00
-2.438519662744763616e-01	-5.988807712460237909e-01	2.343844510036821482e+00
-4.180517840913315908e-01	1.444393567504038911e+00	1.691762532851083467e+00
-3.461368022757696505e-01	6.253650895415898692e-01	3.337799654551413919e+00
-4.108093356130094187e-01	-3.200366989789422134e-01	3.505915879852816719e+00
-4.269098344197455597e-01	9.001671026220138261e-01	1.316678617497328396e+00
-6.950860624758508077e-01	7.259768511620854348e-01	1.745100117336891188e+00
-1.695164677246736029e-01	-2.428365541476701917e-01	5.264923017792662030e+00
-6.793839456026906642e-01	9.535458235078638767e-01	6.577443628003594611e+00
-4.549750132262100899e-01	1.256450466984326275e-01	4.762319027396643811e+00
-5.426766421817534880e-01	1.370982587951651843e-01	4.614291492031003195e+00
-7.871404635288620222e-02	1.956107370228320486e-01	7.978024055432994643e+00
-5.005246494299201432e-01	8.949610036738778751e-01	6.423161009422186929e+00
-6.756089399713154364e-01	3.351915900706620155e-01	3.904284305737824479e+00
-3.462468707117987154e-01	-1.376367232062022383e-01	7.686025344341551602e+00
-6.673631835718487615e-01	9.418932931488477323e-01	4.630173327747755252e+00
-2.930128259953816983e-01	1.065673737654991626e+00	6.254686247141160393e+00
-7.046374392071230730e-01	6.218798132291937231e-01	3.655280726936362079e+00
-1.751875222892628203e-01	8.611877270640859727e-01	1.078242442257076217e+00
-3.717310787633608116e-01	5.806729967914556756e-01	5.650954581633751417e+00
-3.703181106781630039e-01	-3.419306896033524890e-02	4.575863767232575263e+00
-6.749599974001676550e-01	9.654748274207236580e-01	1.363181712214637908e+00
-3.101819595962423959e-01	5.599013011021100050e-01	4.507152579344130494e+00
-4.092375223007642115e-01	-6.186752841711251616e-02	3.287684279588392489e+00
-5.253838435028916898e-01	-1.690756376468303124e-01	1.918259816355919911e+00
-5.702301722718935428e-01	9.805936654361786520e-01	3.338294233509970788e+00
-3.829921033812813680e-01	8.912899959473571387e-01	8.876515112202616464e-01
-6.497067812909691487e-01	6.540296457600421887e-01	4.753555192722969558e+00
-3.582523517488837017e-01	1.864964880793696267e+00	1.062432864862119075e+00
-7.814476984298942552e-01	-2.798232641293230127e-02	1.079521101836776520e+00
-4.052405968338701481e-02	6.532859539296467233e-01	1.099161792140064708e+00
-4.290287876552259516e-01	2.651847176457999833e-02	5.568926461158209662e+00
-3.202778852234058338e-01	8.750696106617550374e-01	3.635039194879579494e+00
-6.618879752964439422e-01	1.210707144984845440e+00	5.757766584846560676e+00
-5.914171917773625164e-01	-2.493131805653978628e-01	2.595525911741892955e+00
-8.856792737166052643e-01	7.664008209892920753e-01	2.695826241932100409e+00
-3.398547745593131220e-01	2.224554806099164672e+00	1.352977106784014616e-01
-3.654206147465949850e-01	1.325501392707425286e+00	1.011202575837119921e+00
-3.638417898266217976e-01	8.520051163186248555e-01	5.032938188800317292e+00
-3.668068633439465209e-01	1.250472002055442955e+00	1.691022837972089077e+00
-1.755749630882077195e-01	1.609005623287579345e+00	4.362586976675117079e+00
-2.503346168046325371e-01	1.061892448203969552e+00	4.352423742628024783e+00
-2.116742313521634000e-01	1.058142994926314806e+00	3.864747615041681961e+00
-2.645785580049461183e-01	1.111079609986588501e+00	4.956925674275290739e+00
-5.184104784027432355e-01	1.626339592333373885e+00	5.501744565584081315e+00
-4.523482392593048962e-01	4.765518220134647986e-01	5.983130780135878624e+00
-8.979552142898417078e-03	1.187519936015171584e+00	-3.495543369647522880e+00
-8.791402592970073981e-02	1.099582572992943375e+00	4.632693648833742017e+00
-1.645159368091730634e-01	1.623172203962796267e+00	4.445876939040932285e+00
-6.856084019027830490e-01	1.865942699695752438e+00	3.271337848013581073e+00
-2.023240346118401201e-01	7.046326478515019254e-01	7.429479743387248369e-01
-2.020967222521745377e-01	1.470452283993944009e+00	1.419121656410912147e+00
-1.166651761229769435e-01	3.259689627823874059e-01	2.409640863411397049e+00
-3.873351702796187235e-01	2.061023843971760972e-01	6.631360640876782231e-01
-1.799175630717738117e-01	1.063702638812851209e+00	6.373990779044296229e-01
-6.092439729252355773e-01	1.510979920312287339e+00	1.892060169833062133e+00
-2.625633478050883318e-01	2.006495373497559687e+00	-1.709913758978958587e+00
-1.040013873575461878e-01	1.766073433457501674e+00	1.532895167704937389e+00
2.959994287704378890e-02	5.126188621029226233e-01	9.455823405401637682e-01
-7.980449635509137551e-02	5.389259697014320283e-01	4.394841810856420672e+00
-5.833935717516303132e-02	8.743499900891475995e-01	1.390824463776277664e+00
-8.224910976150301423e-03	7.289828302314220743e-01	-2.437093909361882638e-01
-3.142499941225570526e-01	1.827214276112075986e+00	3.291949455553762505e+00
2.293886408557880285e-01	1.576513159636409256e+00	1.634807170868705528e+00
-2.260303804966123931e-02	5.161227770701329876e-01	4.372898434588170513e-01
-2.753691799590988198e-01	1.838325498816651749e+00	2.710391596668277892e+00
-4.139468917746392806e-01	9.002395880755933444e-01	1.762780903565290824e-01
-1.934223564958976738e-01	1.389144977174380013e+00	5.054140631955910123e+00
9.498770947538970333e-02	6.067483959277384375e-01	-1.427260494227648113e+00
7.340110556286161270e-02	1.819339862352384873e-01	4.101183668019904305e-01
-1.195734952188954731e-01	1.355294306307784691e+00	9.070913588456699372e-01
-4.780841090875331822e-01	1.284143720909338038e+00	3.410573019753685209e+00
-1.423973544775621880e-01	1.090215124680579795e+00	-4.012650145600198393e+00
-3.176633774258340315e-02	1.908715126531974615e+00	-2.032968514033720364e+00
-1.449984996296487805e-01	1.855926387815056255e+00	4.756353542061638962e+00
-4.037111741430375600e-02	1.159299379379926442e+00	2.717018086644329422e+00
-1.156901511251570841e-01	1.314555980838294724e+00	7.894515182547706678e-01
-1.639263964834782039e-01	1.280942649386305865e+00	-4.836382614927319246e-01
6.855742699445370458e-02	9.550547751984103106e-01	3.521683409915117746e+00
-9.943857983969139891e-02	2.201864963884433646e+00	1.331411294684740731e+00
-4.334720168022726527e-02	1.475664037202067735e+00	5.036903015643607873e+00
6.662951541679161538e-02	2.157694443504539095e+00	1.018458208792911046e+00
-2.979205068655124133e-01	1.539308950692582778e+00	-8.565594784662280414e-01
-2.783296205835195103e-01	1.628754852546046461e+00	-5.385270273947195818e-01
-9.806657242377364581e-02	3.757237640441858373e-01	2.484822204273638702e-01
-2.535092602273654183e-01	8.733429504295486812e-01	1.130893876045374835e+00
-1.079840599597141904e-01	3.481658800557453581e+00	2.865441012205236504e+00
6.309603408199158103e-01	1.129552511143586901e+00	4.841982346549978528e-02
-9.863887956246739780e-03	1.491541514339726149e+00	-2.664590875703072292e-01
1.998207040328263961e-01	4.738474759068836972e-01	1.877910623890908237e+00
8.118432127506886031e-02	1.981472627485834970e+00	-6.316930925072310465e-01
-9.905280892047484131e-02	1.513232913613650199e+00	1.184979556860377370e+00
-2.649253769821858021e-03	8.227495039032490798e-01	-1.689355002591013122e+00
8.874839866828501678e-02	6.730336133529203346e-01	2.692332403023413701e+00
1.270116975200496767e-01	6.945044630326374646e-01	6.559692301013098970e+00
-5.045460582312254194e-02	5.321969650414031250e-01	-3.960635582719884695e+00
2.948956406875132830e-01	1.590425119036360746e+00	1.991582993829427162e-01
1.968070900562031433e-02	1.149456727669720291e+00	-1.431035725514854917e+00
-1.932652107813992437e-02	1.253526873862864655e-01	-9.961553508442594351e-01
-3.046537341199758581e-02	1.534174844663076076e+00	-2.262740206374356244e+00
1.285035133224215476e-01	1.866079551371350398e+00	1.805366621691028683e+00
2.996212287062782198e-01	7.807541510935278595e-02	-1.430307828738611953e+00
1.796340461150582879e-01	9.293476435079297548e-01	-3.986772398673810169e+00
4.701480712704634857e-01	8.978102916646478748e-01	-6.382435390496157268e-01
1.426011032508568976e-01	2.665999031281822251e+00	-1.333207364806209494e+00
2.445179246938846557e-02	1.264838400087012982e+00	-1.580227906510053959e+00
3.140679947579716469e-01	1.012521769474091338e+00	1.731926673458616062e+00
6.855124698406059314e-02	5.724802490857475723e-01	1.352807133713648469e+00
2.015879592583099678e-01	1.384413462334991296e+00	-4.047690276642875062e+00
3.281268538160270754e-01	6.038790864990436491e-01	-1.277750724902549040e+00
5.900854979323858635e-02	1.697240060363615743e+00	-2.982548253643588332e+00
-2.276729244926483930e-01	7.973471726672012316e-01	-5.171126873510958344e-01
9.611508422405712349e-02	1.083975538374151615e+00	2.215738102669436937e+00
1.741578039028823799e-01	8.094222250559597320e-01	-1.281924583662912287e+00
-4.381521894821892582e-01	1.304760511254972499e+00	2.037071464891544004e+00
4.246313469611110447e-01	1.790655829995658532e+00	3.375263060512390112e-01
4.864709078287444699e-01	2.198752553543382060e+00	3.242062187467702472e+00
-2.962153576242890218e-02	8.570181423422809086e-01	1.755495508719562281e-03
1.625545349733389378e-01	1.760576190259002471e+00	-1.925847292607766992e+00
-1.183160840625162857e-01	3.808536058012824688e-01	4.206607226709881964e-01
-1.307671409506925009e-01	1.679248757743390108e+00	-1.173106979134656891e+00
-1.358978456344599461e-01	1.189920243385156340e-02	-2.676029326414684828e+00
-2.180850812487530876e-01	8.165257122163073200e-01	-8.155747004715021564e-01
2.352410346180167089e-02	4.134494860834597718e-01	-2.719361911922260955e+00
5.866443966079186723e-01	6.436208276704624698e-01	-1.886248589004805298e+00
-1.404652611464350387e-01	1.050932014188462382e+00	-4.722444730742225705e-01
9.633182020680500224e-02	1.424420662415068151e+00	-8.166596560493561086e+00
1.587047377412514892e-02	1.911601466820033179e+00	-2.280262725660378464e+00
1.808538781315617849e-01	2.439642446092751271e+00	-8.981544563652754665e-01
3.065305482609555487e-01	5.382223706573023847e-01	-2.105772382564333967e+00
3.676388042592088068e-01	1.339963640742211304e+00	7.653851746019260105e-01
2.998501850992682516e-01	1.531528139703409730e+00	-1.760874205699647810e+00
2.018747221443809858e-01	1.050799522076572234e+00	3.340812251079738893e-01
1.785298978964452998e-02	1.770071185989054552e+00	-1.646415480736245218e+00
1.029182690672753031e-01	1.422806525417030565e+00	-1.253971736824905925e-01
1.026194346526707601e-01	2.376681851584348415e+00	-9.985341527157443053e-02
2.201021655466073867e-01	1.165090759820350819e+00	-2.246448297825636153e-01
-9.639424231848953140e-02	2.064431429787215500e+00	-2.753284403536861547e+00
2.525642912882891666e-02	9.061685832790298267e-01	-4.301209713695628878e+00
5.555505941875460429e-01	1.234597118110527969e+00	-8.059878487174998440e-01
4.694855449325818775e-01	9.881666095261052440e-01	-6.110753670164562834e+00
3.299937624180621087e-01	3.249728508018073780e-01	-4.321805003417299673e+00
3.902700995560972608e-01	1.007871783863363735e+00	-1.293778449281266507e+00
2.019547485299119649e-01	7.828038355769865175e-01	-3.525191850835433183e+00
4.304036105908551346e-01	9.395080108366318239e-01	-3.463762826549452889e+00
3.821404147664513307e-01	1.419998863815634005e+00	-4.755697694610885762e+00
6.562223552786816683e-01	1.036937025463842366e+00	-4.307756779864736707e+00
1.819960254367515018e-01	2.082038166400188572e-01	-4.399711617873559355e+00
-1.160600472651601711e-01	5.566473082688124796e-01	-2.935520446353393265e+00
1.105243014597739049e-01	1.349920827677570934e+00	-3.094554173386696583e-01
4.906867946797111024e-02	1.020224748779613666e+00	-3.840403107290568663e+00
-4.743798222931638886e-03	-3.570365474716901133e-01	-5.690113902385601996e+00
3.794675180232653378e-01	5.949213525143937087e-01	-4.006473645788078741e+00
2.405309869886452512e-01	-5.665804247003081162e-02	-2.205084413453463732e+00
-5.102659087695854412e-02	5.683860663831992177e-01	-6.871792908724914106e-01
6.138318542115899223e-01	1.161920990892910677e+00	-6.430300009078218082e-01
3.166629029572108900e-01	-2.054352853877996488e-01	-4.948294275957856314e+00
3.501900755302317370e-01	4.433414016417671633e-01	-2.642866416512865690e-01
4.591922128594773111e-01	7.710812806223498184e-01	-1.883633155090503219e+00
2.557737721997591640e-01	1.295419053850709101e+00	-4.101973148352223042e+00
1.361176367765386530e-01	2.192789829466965101e-01	-4.361460449305696763e+00
4.509988481391584147e-01	1.220960340080500917e+00	-5.232867463386655871e+00
5.141222578399341492e-01	-2.823348161425679459e-01	-3.686532965215864266e+00
5.734629149227117306e-01	1.629555853392549714e-01	-2.926975141441751305e+00
2.091923213385350755e-01	1.920540251359820205e-02	-1.186955532479947450e-01
3.984011874066799019e-01	4.837459476150170468e-01	-2.814180721085061343e+00
1.808034941447145272e-02	3.006423515307488081e-02	-2.632944227075808996e+00
3.175104216606491336e-01	2.372399427749367073e-01	-3.998091020224411540e+00
3.730497344968374818e-01	-6.117104806823683294e-01	-3.198510752363444176e+00
4.012094591330410687e-01	5.033336431650334841e-01	-1.268473094936027223e+00
5.342329601106717840e-01	2.666309213161939251e-01	-3.636954481001227535e+00
9.465485490689276027e-01	1.283659703468603475e+00	-3.511738199088442869e+00
2.223586405769326368e-01	1.116918643636728437e+00	-6.205332246686944053e+00
6.057416114814671015e-01	-7.237993967452742705e-01	-4.931530021841293632e+00
5.452050415859344135e-01	-4.207363521511958693e-02	-4.002457560541610171e+00
2.011677365492435809e-01	9.177793914039460432e-01	-4.265886166473542573e+00
5.536769985141064554e-01	-3.047282532612189954e-01	-2.568351026029954021e+00
2.537406261256804352e-01	4.000870745249203164e-01	-1.353207012098097461e+00
5.804243200084329146e-01	1.028892592315226728e-01	-2.985021783444830490e+00
3.122899613434914068e-01	-1.109168084028283152e+00	-4.504012314931767236e+00
3.799430272870251701e-01	4.185787926818701488e-02	-2.616946949599411099e+00
1.242829236010651317e-01	1.172613924587280643e+00	-2.226535753955910302e+00
4.504502156886592834e-01	-3.507408569024526024e-01	-4.341220265931760913e+00
3.666844653385282204e-01	-8.109637903241837531e-01	-4.537960625433495210e+00
4.624617815725194925e-01	8.523616448219363262e-01	-2.758188223921793636e+00
7.292503181911400567e-01	-9.868794894563091835e-02	-2.452666496229198856e+00
2.701901737297366379e-01	1.050039858648659896e+00	-3.198080637238579271e+00
2.771469381019704414e-01	4.624612316414922208e-01	-6.749974622443086325e+00
8.924619877776416299e-01	4.480873344030724126e-01	-4.258008922712756217e+00
5.006522180259810328e-01	-3.457405943593924169e-01	-6.766786861937532649e+00
4.780021547400042925e-01	-5.144666002281462758e-01	-1.703188134416460331e+00
2.653774919532531640e-01	-6.772717508855220503e-01	-5.768672620939952367e+00
4.205649182259013630e-01	-1.229359268736695876e+00	-7.146735894035644243e+00
6.989801461835826180e-01	5.704192584394850163e-02	-6.561185801402631412e+00
3.486980495621919696e-01	6.384616979843575901e-01	-4.273812552902445105e+00
2.558367620736470838e-01	5.333595148822414256e-01	-5.315974523737385660e+00
1.514103158697807927e-01	-8.274566534046408073e-01	6.750475173567442866e-01
1.712045418071738989e-01	-3.165211648289886215e-01	-9.037571496120808234e+00
5.915209433715459264e-01	-8.979369789421621784e-01	-7.413583658240313845e+00
8.225388586268720381e-01	3.413988655554823781e-01	-6.594392494086542378e+00
3.426892374911032491e-01	-8.246660655876083545e-01	7.340483110616800033e-01
7.041033297091716658e-01	-4.099387041826969558e-01	-5.352601089522095457e+00
4.500569204246784860e-02	-3.431942007535959682e-01	-4.785055007086256751e+00
2.407603980899926110e-01	-4.657132419823807323e-01	-4.623974409772726446e+00
7.580380281352684380e-01	3.018590936569147676e-01	-5.172283328194533070e+00
4.769126717442775387e-01	5.522105861853081610e-01	-7.162773374693340855e+00
1.135459881783856817e-01	-1.398480358771123644e+00	-6.037912281799169278e+00
4.308794887600522761e-01	-1.317918818564119132e-01	-4.518598995997447076e+00
2.982379487297162068e-01	-7.219597862646922604e-01	-2.497106485714681856e+00
6.497309594670295230e-01	-6.526395447101428493e-01	-1.227777814860268268e+00
2.265090289771919119e-01	-7.202176920509502089e-01	-4.824167997153191223e+00
5.222894836983728029e-01	-1.203937743570842489e+00	-1.185905966057415828e+00
3.891652748330354794e-01	-2.446650770098664218e-01	-4.081968115940429520e+00
3.869665481141204566e-01	-3.266408826321591796e-01	-3.952691269390894213e+00
3.362651975751635991e-01	-1.064138239692236643e-01	-5.423177027729528810e+00
4.374567703535427454e-01	-4.977972875477080228e-01	-5.593823150030001301e+00
4.506947987250904952e-01	-1.187923877433496367e+00	-2.875679559709324540e+00
6.073307609030675902e-01	-3.334333821799419506e-01	-3.531917326200632257e+00
4.274732834323449748e-01	3.865103553745136145e-02	-3.482671507183330295e+00
1.238085379741457881e-01	-1.208688704901665356e-01	-5.597485838936353097e+00
-1.315644741938426510e-02	-3.098583856950911652e-01	-5.400027389878993667e+00
4.441507069977823630e-01	-1.851600581341793728e+00	-5.936313755277885740e+00
7.098999627709694504e-01	-1.473079309434480066e+00	-3.185213988803825114e+00
4.515490105003562848e-01	-3.565599936968950612e-01	-1.142541423940767409e+00
5.600531897262740477e-01	-5.638650898059482941e-03	-2.939420421957053442e+00
9.897453872436328126e-01	-6.213990824111482736e-01	-2.079329316869326316e+00
2.657859287054944453e-01	-1.664875411545297723e+00	-1.401783971519471983e+00
4.187909518959535560e-01	6.163974347520888575e-01	7.629849087538231878e-01
4.194806774505561164e-01	-1.151037331141689268e+00	-1.804138260181533449e+00
4.645124239490702189e-01	-1.244556994239412573e+00	-1.786257046718877417e+00
2.589492250070207224e-01	-6.158853265228096951e-01	-1.351988973136434957e+00
4.383350636993855742e-01	3.434626318394986555e-01	-2.801985950637340128e+00
4.609513459153886661e-01	-1.544495609079449272e+00	-1.814951611820865063e+00
5.412331760563620087e-01	-1.060316115094451561e+00	-1.843208134321623781e+00
5.299041643962367765e-01	-7.531402881468990396e-01	-1.756165028425250796e+00
3.584620757549749626e-01	-1.403652521903903994e+00	-2.447766749934920938e+00
8.355788573496936156e-02	-3.997354815522991545e-01	-1.377395733819108514e+00
6.185550984055948609e-01	-3.581555981352606555e-01	-1.517007687803132665e+00
2.596562071131845451e-01	-6.557405894005574609e-01	-3.260146948831741387e+00
5.930243487963100524e-01	-1.428620753562050094e+00	-3.088900688510074488e+00
8.211504484321946462e-02	-9.890204105637062648e-01	-4.584850942225705772e+00
1.212888932721760404e-01	-1.812714493562843643e+00	-1.548633959073384858e+00
-1.113503599240333042e-01	-3.919688660792775003e-02	-1.426033651350272935e+00
-3.209654888739166267e-02	-1.292006203457770397e+00	-2.769140939495370990e+00
1.167431852223459465e-01	-5.451846229097114804e-01	-2.827209613023989654e+00
5.459630958468305595e-01	-1.732691231581905633e+00	-5.624485466580372517e+00
4.320496446394691548e-01	-9.425232255041655627e-01	-2.568129072359572884e+00
3.126993153124961178e-01	-1.103089739343984022e+00	-8.134465322423984901e-01
4.713813507538912595e-01	-1.861549000063200232e+00	-3.871437053856463084e+00
3.549098802449101031e-01	-7.401986292593221162e-01	-3.695377717799143813e+00
3.610061726477660216e-01	-2.774597060993896358e-01	-1.634797257897229628e+00
1.601333305657652584e-01	-1.218117520565001222e+00	1.401551326569083766e+00
6.009349387212006288e-01	-1.215445185559718144e+00	-3.081159787987690191e+00
2.839507361248152506e-01	4.009283621187290647e-01	-6.951892773302961182e-01
3.132030342822822444e-02	-6.052352911040792538e-02	-3.083964151776938500e+00
5.317357336770955900e-01	-7.897291501148914206e-01	-9.912334534585615087e-01
2.303320837008869248e-01	-2.440723829520339727e+00	-7.414339434093843995e-01
3.960311864581403385e-01	-1.436143865879385917e+00	-9.265659971463583444e-01
4.301889307454898614e-01	-3.011078676040690461e-01	-1.134736757446120237e+00
3.514169067165902050e-01	-1.596997137142663004e+00	-1.282198085598588833e+00
6.746807773744134540e-02	-9.866744747309241781e-01	-8.907702421805294701e-01
3.704801498382952474e-01	-1.297062478876863656e+00	-4.315747540786691872e-01
1.818730594209314877e-01	-8.526507369887804666e-01	7.706648112990865940e-01
3.506299811533759025e-01	-2.401249609163760290e-01	-5.603951902496254966e+00
2.945367266270970119e-01	-1.071627318257939221e+00	2.457216409247753308e-01
-4.017558923387565262e-03	-1.698091769694868081e+00	-3.563101085980069804e+00
2.655693731813617009e-01	-1.584897815832049695e+00	-1.423745993653868780e-02
2.279983277662584462e-01	3.728763938021808499e-01	-1.797731176727335622e+00
1.906734019529808810e-01	-1.996983862695006717e+00	1.719249832054593696e+00
2.500311709310794051e-01	2.328205242112162399e-01	-4.508010681117182727e+00
2.428323950342588244e-01	-4.771279534731545091e-01	4.151626935645502670e+00
7.594130433209564379e-02	-1.352826156509209676e+00	-7.855586309860208560e-01
-1.652362179012156762e-02	-1.234130801671401656e+00	1.288918829372618369e+00
2.182408061371864660e-01	-1.033781458837594647e+00	-1.185196288766934725e+00
-2.114926211125844058e-01	-1.129257400640505837e+00	-2.821528084573943218e+00
2.287966943128800779e-01	-1.311596358865237955e+00	4.056077663771339381e+00
-1.021070955085484483e-01	-2.407243985189797542e-01	-1.527883093407164106e-01
1.976131868455745233e-02	1.094726323034989068e-01	-4.531250867400508753e+00
1.080978795820986410e-01	-1.494083252797167027e+00	-4.433928006194011173e-01
-1.391405633035525391e-01	-4.567374157587162919e-01	-6.928051252842155616e-01
1.672738620152084965e-01	-1.171759375353524035e+00	3.408201838305038756e+00
-4.795716549747358615e-02	-5.752816697914195920e-01	8.661415583457519052e-01
3.380981339728451607e-01	-8.806543106525370757e-01	-1.773893387887754525e+00
-3.997733957076911038e-01	-1.160447751248940396e+00	1.601513958352523082e+00
-3.274879094550776637e-01	-1.111247273187068840e+00	5.019698134612711193e-01
2.258012453899718025e-02	-6.016398701384380043e-01	3.544633475919637622e+00
1.927331191272547151e-01	-2.232845892794836917e-01	-6.373039851783126597e-01
1.906967357230517357e-01	-1.519523267739941286e+00	-3.493666183404732783e-01
1.927228414918940591e-01	-9.858546573021373938e-01	-1.257680462895071294e+00
-1.419088011632089197e-01	-6.444024075515284444e-01	2.326361458080901112e+00
9.582785049981226710e-02	-1.599421315309121905e+00	-9.796283155631512196e-01
2.531303289114131827e-01	-1.487414673695841349e+00	-1.450428326625076147e+00
4.026147749947234789e-01	-3.553974540700073348e-01	3.447053577703155458e+00
-1.481762998195501613e-01	-1.688590973626251657e+00	-2.447734582392869562e+00
-1.795971931387232157e-01	-1.053144313617521588e+00	-2.587727615181844021e-01
1.852314065747128757e-01	-1.356086683402560888e-01	6.049975378635480405e-02
-2.470131808746324764e-01	-1.134117779065020315e+00	1.525603359761912525e+00
-2.928206936443879527e-01	-7.199757955575614154e-01	2.508448112241579708e-01
-1.574640111716438806e-01	-1.669528395130049692e+00	2.090635259580146510e+00
-4.290475775246979651e-01	-1.300601011328624157e+00	3.869591021083075955e+00
1.206783020123764760e-01	-9.417266758028318696e-01	-2.312455477429833817e+00
3.888372706891576880e-02	3.461019610489246556e-01	3.931908423851925960e+00
-2.467376798433675578e-01	-6.382609404751581339e-01	3.004389295172577690e+00
2.623177489369174498e-01	-3.851556251096067696e-01	1.423655298768988331e+00
3.732063270496768087e-02	-2.231084615730317466e+00	7.005621165202028378e-01
1.702419579371139691e-01	-5.915840625098559569e-01	4.664199326795214873e+00
-2.268433079106898231e-01	-7.868960221445029379e-01	3.118816834668398652e-01
-5.016002815718250130e-01	-2.224596674989916867e+00	2.134982207868354465e+00
3.451306828462637477e-01	-2.252406440307158642e-01	8.781688410670895895e-02
-7.016001101011137830e-02	-1.230524172227211777e+00	2.214668626155470221e+00
1.824455072192992522e-01	-1.294116786944872421e+00	1.588563307504520683e+00
-1.931501500527987858e-01	-1.042388693033718283e+00	1.107424284126282688e+00
3.778149811254211121e-04	-1.246976009100587035e+00	4.950803781739237408e+00
-1.543954327243115543e-01	-1.758244486191580469e+00	9.057776834201842764e-01
2.717009809974882950e-01	-4.183732313981096684e-01	-1.304479581533195542e-01
-1.973659602807600610e-01	-1.791710084242482459e+00	-2.489616828717262642e+00
2.473402646909307612e-02	-1.127672254523087725e-01	6.896780349335864813e-01
5.973065035348613938e-02	-4.547076881449019226e-01	1.437220402603629488e-01
-1.610281914349599997e-01	1.660285635766656220e-01	7.774159069182978499e+00
-1.826725077719566492e-01	-1.442917323721866207e+00	2.183975839160746446e+00
5.600723524612027937e-02	-3.669594563461986425e-02	2.975626922006505026e+00
-2.067240335047273447e-01	1.734000419088588263e-01	2.432446769423069810e+00
-1.261639074351317280e-02	-9.760461221423938349e-01	-9.799672723682273379e-02
-3.208796594658551715e-01	-8.281244086955976691e-01	1.097306974803997637e+00
-1.087581432641427648e-01	-3.647365358647657319e-01	2.387029784826475876e+00
-5.255189598662606265e-01	-1.526826749932509664e+00	2.021920288080891748e+00
-1.814825266807962301e-01	-9.925104091272674012e-02	3.588189652190977519e+00
9.471270631675882123e-03	-9.437598961570445866e-01	-1.575031176735986804e+00
-2.249192840569438079e-01	-2.543248902482412088e+00	1.828810982213051828e+00
1.872509371417127588e-01	-1.283905800772740635e+00	2.709891593536557508e+00
-5.335939361816952609e-01	-2.008694872294156664e+00	2.534857366723928251e+00
-2.430094255522115554e-01	-1.034234422884131588e+00	1.795115659380628337e+00
-1.223182752095426096e-01	-3.014604150368166424e-01	1.374291516745421049e+00
-4.194917441813933445e-01	-2.063939241531550284e+00	2.063071022456523629e+00
-3.084547830648247668e-01	-6.055982286557519689e-01	1.842815779995059078e+00
-3.053877506701617728e-01	-1.277512429339595634e+00	8.604227984167955867e-01
-3.134246586690202507e-01	-4.645630856624857752e-01	1.501492442022240414e+00
-2.706641161937362594e-01	-8.540081641157004633e-02	3.416748474122408119e+00
-3.440558256581366381e-01	3.587162021420283731e-01	2.605049824598834274e+00
-4.053841320316304841e-01	-8.555213876168629161e-01	3.777905614111993771e-01
-6.886386652848577317e-01	-1.613240144982136526e-01	-4.304211401244146806e-01
-3.272072918836175792e-01	-1.066102035495684053e-01	2.798556202970288620e+00
-1.963895147586400269e-01	-5.434142664579635351e-01	1.081941040106830787e+00
5.952879019858076104e-01	-3.470614970371044272e-01	4.153511569154976435e+00
-2.432689451763978272e-01	-1.592539633843119029e+00	3.156001462623245324e+00
-7.966701030703926545e-02	-2.894160842734261330e-02	5.492329632747284585e+00
-3.535941645628978280e-01	-1.436053855270415403e+00	1.422110012771266696e+00
1.438668769536804726e-01	-1.237688965607013358e+00	2.417775495836957944e-01
-3.992807106956082208e-01	-9.732088753413536963e-01	-2.939869586712609006e-01
-1.986442881262633353e-01	-7.738386576032473263e-01	-1.426386571533741154e+00
-7.237813261015768607e-02	-3.520168121028786068e-01	4.009406468491566677e+00
5.113889206950683608e-02	6.005088821404536148e-02	3.029981201442798699e+00
-5.218835685565839655e-02	-7.338396604078869512e-01	7.761703508891719672e-01
-5.060586523109044110e-01	-8.295865025581994345e-02	2.644379171025790676e+00
-1.448940764103151535e-02	-1.856843738031653812e-01	1.726169505252286740e+00
9.623973355102077853e-02	-2.092192775487156653e-01	6.480947985139518863e+00
-4.472975160925559690e-01	-4.658967971244150075e-01	4.644636182352622100e+00
-3.313220731641690620e-01	-2.239141264713538915e-01	3.229323779042426512e+00
-6.816734811294858920e-01	-7.985501125585188209e-01	-8.359801378313522768e-01
-2.603027398742167042e-01	-9.770194763060643384e-01	-1.617075835035475251e-01
-2.297369545258438894e-01	-2.690317040046124597e-01	1.490037315680249552e+00
-4.896344547695786753e-01	-1.278994227712941800e+00	3.270693285543890383e+00
2.830740817278964983e-02	8.259904517737407526e-01	5.033041745095655273e+00
-2.765989120314061300e-01	-2.011075408849664736e+00	4.151026243883130462e+00
-6.962668592014931157e-01	-5.249589164547799891e-01	6.935925878563521607e+00
-5.783051787259356757e-01	-1.302989524768485952e+00	-1.616592221196317070e+00
-3.195498170055142140e-01	-7.685436105847385235e-01	7.031478828782475432e+00
-8.380269976817594779e-02	-1.227488214230058494e+00	4.326698754365937205e+00
-5.188013311616979095e-02	8.221039753751386847e-01	2.703006783633101762e+00
-3.878328366959254425e-01	6.422074188217096191e-01	2.936094348070660498e+00
-8.311148342423827495e-01	-5.608776205775656276e-01	5.881899703602663898e+00
-2.160709650649123570e-01	6.732018062014566429e-03	5.367289812147705064e+00
-1.835334049158895697e-01	2.676990856006833952e-01	5.050123311102427515e+00
-7.443564916074600912e-01	-3.977008721352635057e-01	3.793553113287106981e+00
-6.034372665634926136e-01	-3.432325171118005280e-01	2.262990590631328125e+00
-4.967756696322813137e-01	-1.550359012729576880e-01	5.936231903339407978e+00
-2.514599914435883266e-01	3.009771520500670317e-02	3.088809552888338139e+00
-2.519919672715490444e-01	-2.246303662928095246e-02	-1.521878942045945315e+00
-5.876925623694575496e-01	9.276229664200069669e-02	1.890568505332660632e+00
5.996621519045408633e-02	-5.133848196050758705e-01	1.441105445087338621e+00
-7.098968363138374871e-02	-6.077068361708827249e-01	4.714638053860673139e+00
-2.592452100208110233e-01	-3.294506516478183378e-01	4.261102833588234162e+00
-7.075051709380415499e-01	3.139412624629271953e-01	8.835856343784964650e-02
-5.741537498075244272e-02	-7.294822062643954164e-01	5.006062049732782349e-01
-4.757500918392447153e-01	2.846893430974524186e-01	6.818366670204500934e-01
-2.519803003190339563e-01	-2.362350017293527449e-01	4.541687558493546994e+00
-5.728096808328290157e-01	-9.807479912812141487e-01	2.526873201339931541e+00
-2.763793653969239816e-01	-1.354333792520744595e+00	2.729859765683995132e+00
-4.313932865185141630e-01	1.231663847405269241e+00	3.711471117611699899e+00
-1.747456928053070790e-01	-3.886699426474045371e-02	4.641765813816800978e+00
-3.493251805659581266e-01	6.735072941623929665e-01	3.933351082746761485e+00
-2.377461149080289937e-01	-9.844379969636039007e-01	8.512591556071352983e+00
-1.530881844635062494e-01	-9.475204439108491083e-01	2.356305991515128540e+00
-2.323934609482420366e-01	-7.200763335804855059e-01	2.771273738755539284e+00
-1.542656273525996324e-01	1.526926854596106775e-01	6.166444845134845920e+00
-6.740569689991433577e-01	4.948121354430870533e-01	2.321855375307685598e+00
-4.585586151745612571e-01	7.943865712014560598e-01	4.923080876856682053e+00
-6.990881457136977062e-01	-2.907168629543785965e-01	2.140671271187007729e+00
-5.293949231990857651e-01	-1.988555885959577552e-01	3.068349400032536867e+00
-4.884139384658317540e-01	-6.654894307201190129e-01	4.264932706442989385e+00
-1.241952852156198162e-01	8.454186403016095142e-01	3.345675087431586814e+00
-4.967164595336798216e-02	-5.371193578792712309e-01	5.185072612913817380e+00
-4.148494980574821134e-01	-3.269489848058242942e-01	3.644215714145274898e+00
-7.232140820422119365e-01	-3.101035688319427330e-01	5.619487793159434474e+00
-2.884137749732074707e-01	2.271506433855694784e-01	8.480963709889792312e+00
-4.688023883146563708e-01	-1.826710033996574722e-01	3.041550382726024182e+00
-7.686997466022407743e-02	8.293027633700846835e-01	4.162620591807622894e+00
4.985591989452187178e-02	3.945869746825541036e-01	-1.352320748647005466e+00
-5.443043189115857050e-01	1.319462780942310731e+00	1.308833849281627382e+00
-5.300889930774504988e-01	-6.934014799045322697e-01	2.937143670988921151e+00
-4.090910417634596730e-01	-4.045593196787011236e-01	7.074942926957116462e+00
-2.801515436053286789e-01	1.898295401308031094e-01	5.491606507145217364e+00
-3.159944122050780124e-01	-2.557027270905476990e-01	4.451090376357242917e+00
-1.549514457164615500e-01	7.516904911438294645e-01	2.602603441328347866e+00
-1.888992926178431619e-01	1.474115193355730158e+00	4.812080478486542745e+00
-2.829863731843165198e-01	1.494604476259181025e+00	2.593005615668689146e+00
-3.625066508596569981e-01	1.222157556812202561e-01	3.586703060546698296e+00
9.726391707563836198e-02	3.886684049962091936e-01	3.304891214951535705e+00
-3.542707570660777461e-01	-9.905950225539890130e-01	6.127920331541822918e-01
-2.219021250642133625e-02	6.545907456818832459e-01	1.312287085111180085e+00
-4.862474290452896697e-01	1.494973071197914116e+00	1.793178532372615264e+00
1.285910416968866210e-02	-4.752802257221319104e-01	1.938591316160866551e+00
-2.903319960539829658e-03	1.030803192840295868e+00	4.290786842752347674e+00
-5.249061887291865958e-01	1.089299923645464352e+00	-9.091072931313481931e-02
-2.255248515654343922e-01	2.810498429308159185e-01	8.084246707237630059e-01
-7.131832519706532425e-02	-4.206491172799113332e-01	4.749322105925354975e+00
-5.404460625424210019e-01	1.262398996992380562e+00	3.494289526286139314e+00
-2.020934833618822923e-01	1.024310146038056368e+00	4.473589665662946580e+00
-2.459120214288836870e-01	1.757732349950580808e+00	2.851972717583370009e+00
-1.847122681780734577e-01	6.617709842072400095e-02	8.403502619595965228e+00
-8.990996662208686208e-02	7.680673710265754073e-01	3.779878358765905055e+00
-5.613693594125186426e-01	7.989659421551713603e-01	2.442655705785101272e+00
-1.281359263536777371e-01	1.627014999752981250e+00	9.590360389417631470e-01
6.853802361435862300e-02	2.464203496881951949e+00	-7.399815985726472256e-01
-3.800266894026218534e-01	7.980919888856650157e-01	3.587607403063700851e+00
-3.027420725122716427e-01	3.980478566116060768e-01	1.436661913032000193e+00
-5.073439564341932773e-01	1.411985490258793829e+00	1.032717220511493394e+00
1.486449105067212950e-01	1.075295039234511973e+00	4.159105406343472922e-01
-2.750547460621668994e-01	1.677802610940452577e-01	3.757372747789156975e+00
-4.708385263559664580e-01	4.696354071975875621e-01	1.749877024675120518e+00
2.026625706803273363e-01	1.611377788402160505e+00	1.617107284558584546e+00
-3.676332763264444359e-01	6.658232986734702319e-01	3.529781550511257748e+00
-5.772174002926648839e-01	8.773130710013885558e-01	-1.329511463991562614e+00
-5.336802830169475875e-01	1.392010580317751822e-01	7.813320667987917467e-01
-1.356430693610302940e-01	1.136949720193572766e+00	1.463226495332937471e+00
-7.676560655879791639e-01	-1.552385707253981506e-01	-3.109280561800780163e-01
-3.737398982106170386e-01	1.923101341369807482e+00	9.537870972577011663e-02
-2.591844383350780379e-01	8.485892026806601818e-01	2.045114259724210459e+00
-3.522849858627821185e-01	1.454711975780612399e+00	2.133744910627616953e+00
2.684565695917989769e-03	1.240462376384497301e+00	9.382374811165126172e-01
-1.191272299873889218e-01	1.442524261899564619e+00	-8.918882949080342293e-01
-2.653374432550462125e-02	8.426143057648709522e-01	8.113615508182205893e-01
-1.789635247497905202e-01	1.043968464784445604e+00	4.669194218046202494e+00
-4.454777993381240364e-01	8.338410311445548784e-01	1.388411012153587532e+00
-3.021229308850674200e-01	2.578113214601899239e-01	2.433461658013931661e+00
2.337313736783148410e-01	2.301262211076355868e-01	4.406035061940574593e+00
1.626611325610406722e-01	1.389618411295778788e+00	1.659571707356682690e+00
-4.706365874032096830e-01	1.170704955855729423e+00	-1.189889060260878040e+00
-2.047992497954821134e-01	7.817881384512418430e-01	5.158175085517196834e+00
-4.514446885162608503e-01	1.326716499357186940e+00	-1.303273010993525993e+00
-2.407908433497770173e-01	8.163657891467368533e-01	3.337501815365200741e+00
-2.813558382951792947e-01	3.927405743547194850e-01	3.391082544125531228e+00
-2.375533045357177409e-01	8.657694474306212307e-01	2.040834023262152908e+00
2.421873891160895020e-01	1.089408907623635070e+00	4.257629493360379769e+00
8.792039422766315115e-02	7.658258441371899039e-01	1.592466295561484113e+00
-4.443391508675318957e-01	9.919395691521446512e-01	3.873048057883568873e+00
1.050925904960582080e-01	1.407070505713452269e+00	-6.007878040454390778e-01
-4.716256792202221104e-02	1.246323406461069538e+00	1.583428050005951659e+00
-3.698274180103527931e-02	8.172659560303585646e-02	1.707672785986288577e+00
-3.849056043479432976e-01	4.073536004643562580e-01	-1.216785636976864815e+00
1.810401069454060097e-01	1.149605920523038227e+00	2.972719474776003956e+00
2.059497280087754789e-01	5.308447876598403337e-01	1.663126800737567468e+00
-5.508475036385043766e-02	6.345296995501040760e-01	-1.781647650741260414e+00
-5.424045992561425666e-02	5.834854007620466909e-01	1.941387084842539412e+00
-2.271632362867544996e-01	1.356789105575805232e-01	2.047664348826730318e+00
-1.176354645817717925e-01	8.592646741513114694e-01	9.492921115433246015e-01
-5.729162361463288611e-02	4.453935962306938001e-01	1.708214709187894087e+00
-9.070884143832763646e-02	8.707363032715701445e-01	-8.967645745324712703e-01
-1.594218037891778905e-01	2.178392155834663946e+00	1.579662808919791050e+00
-3.189963175649457305e-02	1.360440724344219809e+00	-2.247082534415063559e-01
3.590707165928848088e-01	8.836627201826656730e-01	3.383698318476446421e+00
-3.546611878643143312e-01	1.484592602344268375e+00	9.443180968405360254e-01
1.464850946996750780e-01	4.562496203017195051e-01	-1.333655910371593256e+00
1.676330218998109411e-01	1.537389366418096870e+00	1.802570657372754681e+00
-2.417452498155865104e-01	6.578215296686678037e-01	2.324300835687388656e+00
-2.300401974665007843e-01	6.074816695963285440e-01	-2.497901958131947264e-01
-5.188849024285007577e-02	6.664316832727952278e-01	6.295437793044301733e-01
1.001418634399430380e-01	1.146332952940963601e+00	-1.715896713752769198e+00
-3.380246223010338058e-01	1.194076193740109648e+00	2.563764665534461695e+00
-2.439174432814857629e-01	8.824361526072299622e-01	-1.284470544421451255e+00
8.546009030036889886e-02	1.126061824335956363e+00	-8.395925978917080812e+00
2.097534687812390580e-02	1.406376528442502938e+00	1.111987691813401125e-01
-1.347521704521173758e-01	1.497431284400419393e+00	2.198064050392344093e+00
-2.596597611326332267e-01	8.375487282596463245e-01	6.660458102663580071e-01
6.504784215958872573e-02	8.557518600854018276e-01	3.178145797566487296e+00
6.061174837023319134e-02	7.648781007127958276e-03	-4.610841680701769363e-01
-8.680493933503184711e-02	6.322606029366322211e-01	6.578858688480402339e-01
-2.707233835698007463e-01	3.005684469783094226e-01	-2.986350880474881286e+00
2.148026679007394857e-01	1.872788220179891105e+00	3.941727386774157793e+00
1.852291446427769064e-02	2.248173462893653163e+00	5.259013263265039928e-01
-2.273325433353318714e-01	2.674239688439380425e-01	7.784271323890878946e-02
-1.660361085995570585e-01	6.803319029287828723e-01	8.064027235111154157e-02
1.295743513306907846e-01	2.049275460059196696e+00	4.419208356318066855e+00
-4.401593205839573336e-02	5.230970308542595149e-01	-1.315639009123016123e+00
2.508064373682868942e-01	9.909207848561966125e-01	-2.051471607997494395e+00
9.629235645370601282e-02	1.028316385259708365e+00	-3.457493955352872739e+00
-2.654644508893426735e-01	1.422708564659569630e+00	3.844285034458911454e+00
7.769624314009911104e-03	1.144300041650088584e+00	-2.601131442701594576e+00
2.549202828736357729e-01	6.770047532821905634e-01	-8.907260111090179455e-01
1.727919326994735993e-01	6.761699397766982589e-01	-2.760361021040733664e+00
2.352722652476219589e-01	-8.884677680327457416e-02	-6.497063272721638194e-01
3.388543080110242856e-02	9.263649083396211514e-01	1.507067716072365560e+00
-8.608978290011036483e-02	1.436949514125208882e+00	-4.435816505080957484e+00
3.053131500696751321e-02	5.593669534170704338e-01	-2.808995856275970482e+00
-4.993474517061478879e-02	1.302148976060181207e-01	1.522737622906483068e+00
-3.360998128506651472e-01	1.007502405609798757e+00	-8.964100191023298692e-01
1.499043286040860068e-01	7.699216730196928316e-01	-3.466448996902933732e+00
9.036942994990505851e-02	1.529042477793177257e+00	-1.098740458214365612e+00
3.016592680462615306e-01	7.539749599408639424e-01	9.106216512862830292e-01
1.946065252280131386e-01	-1.922761635923095902e-01	-3.060831713788742192e+00
6.827564361847218710e-02	2.346182750601595313e-01	1.008425353420028259e+00
-1.150411145428471837e-02	1.134330789332699929e+00	-6.604574784056074233e-01
2.317174117071902351e-01	7.398069458406657528e-01	-2.787228290002354836e-01
4.435701523929246048e-02	9.011830479873064181e-01	-2.846709947538994534e+00
-1.748067595366969429e-01	-2.207398945862313333e-01	1.178694455988469336e-01
2.291915521393744215e-01	2.278008633217091461e+00	1.535515154388675807e-01
-8.347689151535883645e-02	1.173433582806887809e+00	-4.451574235877643559e+00
-2.473269806996496178e-01	9.974259835644495586e-01	-4.273399482028860774e+00
4.959059416590012870e-02	9.497552059201215258e-01	-7.135334571088784994e-01
3.839672189627817422e-01	1.284285889017073634e+00	1.987233672631555592e+00
9.914872921555079044e-02	4.670881321905425154e-01	-1.189641255291311817e+00
6.213360562666274400e-02	8.058503801374631292e-01	-4.459728057272020152e+00
2.050941950778378819e-02	-4.450926553954958065e-01	-3.263325619586413318e+00
3.275953896187074887e-01	1.839402854304551749e+00	-1.091623742328339475e+00
4.709644464706386202e-02	3.275525978122151294e-02	-8.483283862422160704e-01
1.293746254573087118e-01	1.111449015142714325e+00	9.926544332686275673e-01
6.994488924499310534e-02	1.146579477435680117e+00	-3.625546518189501022e+00
1.554258061417451708e-02	1.955466523595367878e+00	-3.611534799775184545e-02
-1.198771405025909342e-01	2.327025329480624793e-01	-1.764616738172111177e+00
4.264489173520835674e-01	-4.716290161912106704e-03	-8.523478774691897186e-01
2.429205330322561918e-01	8.862987323088041824e-01	-2.285019280901311678e+00
2.957494900724347842e-01	6.095744613397295897e-01	-3.613196578628117273e+00
3.321296118180627754e-01	3.481327167917386278e-01	-5.319272389445421467e+00
4.004498455170725224e-01	6.623658318744640727e-01	-3.746525282868389706e+00
7.641586365251901158e-02	-6.455234657541963905e-02	-1.858459613814734457e+00
1.289357856478564879e-01	2.217156939437248120e-02	-1.963192678988359585e+00
-9.757287622658961102e-02	1.380161392102763562e+00	-2.837537333629910119e+00
1.837945607701130246e-01	3.123363476937894290e-01	-2.992298187058241687e+00
5.962433821568602355e-01	8.166785167937160583e-01	-3.237928403577210457e-01
1.386595780036679604e-01	1.226531398734655443e-01	8.915744294344403187e-01
3.535502696442599513e-01	-2.312883655684074835e-01	1.487286224354262387e+00
2.970158409051781856e-01	-4.033731603609173044e-01	-4.827327609386047769e+00
2.980260993658604418e-01	-5.502122399081191828e-01	-1.701681329026174749e+00
4.132064807229294257e-01	7.581679642154628418e-01	-5.116180871887818782e+00
3.323376328082279230e-01	7.116530061624344317e-01	-2.337413133071335913e+00
9.829529796567565425e-02	8.923606746852583704e-01	-2.832154081744398866e+00
7.572408622240917042e-02	9.070892810302868536e-01	-1.073669137395732553e+00
3.084583756977179458e-01	1.224987965547581936e+00	-8.253866878353655068e-02
1.512395229491394766e-01	9.004411872104419734e-01	-2.218462297539435468e+00
2.775078616581952984e-01	-6.846275258164019606e-02	-2.094823539996253814e+00
5.260833187187916593e-01	1.605069301759172617e+00	-1.262725767882058481e+00
-1.955115158654556762e-01	1.177700084318162199e+00	-1.548938706420695866e+00
-1.105934886144661344e-01	5.523342696085742354e-02	-2.090268512458595573e+00
2.526901196668839833e-01	4.407022513570357791e-02	-2.197806269197892348e+00
6.743116590797115784e-02	2.902726776443732004e-01	1.022231775271383203e+00
3.756095821268771173e-01	1.171241843737300670e+00	-3.500773468424863477e+00
2.579034475850357500e-01	8.193688780020955686e-01	-7.106475165444690045e-01
1.334453084345263718e-01	1.423712852894189584e+00	-3.288208138075394693e-01
7.131908217487237245e-01	-6.869469524064024668e-01	-1.879980887192930883e+00
1.921184517437260209e-01	4.666535765357301968e-01	-4.768942989962509316e+00
4.420477556994591994e-01	9.138946466885284892e-01	-7.117507925196872698e+00
4.636615588907219143e-01	2.234893082799529196e-01	-2.505578010185907090e+00
3.073092899991899385e-01	1.212825939700592048e+00	-2.881561192639032765e+00
1.786519528631024256e-01	-2.374824714954332228e-01	-3.132422384494773837e+00
1.123302586031831307e-01	1.868949976809139546e+00	-3.611984082347657665e+00
3.123162856016838962e-01	-1.017655085928419467e-01	-4.732651750992214801e+00
4.279786966430849660e-01	5.413422376212553844e-02	-3.107903532415657200e+00
1.387032865930039049e-01	5.166639250546634088e-01	-1.820370967104314675e+00
3.932313945517220688e-01	2.646586114430915515e-04	-4.735556923388961614e+00
2.980070434762374099e-01	2.752329000550794436e-01	-5.492132733271946066e+00
4.085602508758543472e-01	-1.116638309512651084e+00	-4.329552308217889944e+00
2.293143626066616036e-01	4.393364971691972598e-01	-3.919763766941488647e+00
4.656960680958413534e-02	5.212996878788783706e-02	1.106556751923311932e+00
6.152695614695075088e-02	5.375637250182325744e-01	-2.929478417521660383e-01
-3.601541775201982931e-02	3.769518248551390061e-01	-2.324727838941984093e+00
3.312060591257123265e-01	3.032051424047886856e-01	-3.325109812945395316e+00
5.217167397167054022e-01	-2.450122336439797266e-02	-3.000818871923640607e+00
2.031882612573118752e-01	-2.400153787511818959e-02	-1.424221996417791347e+00
1.544038899623239036e-01	5.946197169411495675e-01	-1.568829806928623283e+00
5.239590456292331222e-02	2.081569825544282160e-01	-4.521213287645283074e+00
2.320272692755300514e-01	6.528999043170541361e-02	-1.828550159174093803e+00
2.019073347427067788e-01	4.326074743371221554e-01	-8.824317979326954386e-01
4.139090409437250484e-01	4.561588849180573529e-02	-2.155861035885693333e+00
-2.688335609896507772e-01	-3.026729376690025924e-02	-2.117123353869332814e+00
2.715800617445160992e-01	1.402950128425086151e-01	-2.947575524540160252e-01
2.387574292211336047e-01	-1.044517730312608528e-01	-4.076495754072899658e+00
2.871391226831276899e-01	-8.994385441515467816e-01	-3.070450228092834521e+00
4.512665617262403561e-01	8.740132247694384904e-02	-1.411736276080136188e+00
-3.992871390435176471e-02	-1.189820765841887173e-01	-4.168533712684052261e+00
3.874818674188720280e-01	-5.759939223734410474e-01	-4.087264844601254055e+00
3.424556579945545742e-01	5.564422294831491422e-01	-1.492534678027558126e+00
3.592133177239308917e-01	-9.525343168775399771e-01	-3.307432741178689461e+00
3.664860448626857115e-01	-7.004551510015479820e-01	-3.342337334373798541e+00
1.786454707194099767e-01	1.343496534196254588e-01	-1.641242600830846943e+00
3.335825259293982437e-01	-6.122639873851692949e-01	-2.644803397400620870e+00
1.501685988934756411e-01	-3.152955908440697730e-01	-4.407908881426370051e+00
2.272973047927287493e-01	-1.284587873625446797e+00	-1.844833021800308170e+00
3.978257990015273693e-01	1.922779202444015179e-01	-6.832166869493974115e-01
-2.230270745580366087e-01	-6.829511332498199305e-01	-1.156552984381510329e+00
3.881500663354576219e-01	2.022407656888718375e-01	-4.001188404876788063e+00
-5.218532863489189211e-02	-9.253306560240669443e-01	-3.956650999061150031e+00
2.911894727773170488e-02	-1.061534136336263145e+00	-1.335926894142761334e+00
-1.111406923122991719e-01	-5.484820369144962626e-01	-1.237582958799874122e+00
-4.943849115779341830e-02	-4.730760141453370649e-01	-3.602115762392970488e+00
4.997455438139766226e-01	-7.938448141672506120e-01	-3.979210675233472827e+00
4.901354140616127619e-01	-5.616194327892818361e-01	-3.255804934678358631e+00
4.809002077384462170e-01	-3.300921260501309407e-01	-4.404225118308445097e+00
3.736035273160597803e-01	-2.674903640985712427e-01	-1.244180377688020256e+00
2.406806870135681231e-01	-3.177997191939290755e-01	-1.165101085068316333e+00
2.456880958112379332e-01	-9.550832618922061590e-01	-1.523815728000196934e+00
7.053795129372821826e-01	-5.260474933934755626e-01	-4.015247227578090161e+00
3.065485436594267421e-01	4.936174932744685773e-02	-2.413776178792611304e+00
3.690676023275419881e-01	-8.389374962253899337e-01	-5.074872923636044142e+00
-6.053276158827375353e-02	-8.109110619463333336e-01	9.565856474405154408e-01
1.696284624180152412e-01	-4.803650716218854644e-01	-7.328137188997498441e+00
-7.902321917263138706e-02	-2.077216352967772572e-01	-1.746680950863772397e+00
2.642335755073809134e-01	-1.038028598081850884e+00	-3.150553323857049559e+00
4.643704799935493011e-01	-1.033152299575362365e+00	-2.108867506737829078e+00
2.467484514753358060e-01	1.322912417722361234e+00	-3.355257010412542762e+00
4.666543908326282741e-01	1.400844701967629002e-01	-5.904888797805785572e+00
3.899170644558705989e-01	-7.362799795360218669e-01	-7.752428925340408838e-01
1.088312107336208978e-01	-1.841552120355772204e-01	-1.078865269402640381e+00
4.400832012253202974e-01	-5.554268019476175100e-01	-6.791841231398181300e-01
2.457034504243875705e-01	9.238011779600514561e-01	-1.024258381937775964e+00
-1.903656658558754433e-01	-1.001859013923475761e+00	-3.728634633541075605e+00
3.856510664740488425e-01	2.303301294508397490e-02	3.639264661875403206e-01
2.973329723924691415e-01	-3.749051995259691239e-01	3.761524332522516723e-01
6.711450539508774238e-01	-1.858800871819493716e-01	-1.585484483385038335e+00
-1.385447931498928198e-01	2.246173517485570148e-01	2.909980690221005695e-01
3.607856600683480019e-01	-3.082704681309704764e-01	-4.110903051627029292e+00
2.553603636114581965e-01	-5.188182210598147881e-01	-2.436181119516693805e-01
1.346236974788002916e-01	-1.106452690740043154e+00	-4.771763973518029722e+00
3.250561265392117871e-01	-1.075850968508183847e+00	-1.603952419235268545e+00
-7.130330805002485506e-02	-4.775944451571426663e-01	-9.714208856726119778e-01
3.135689925278557499e-01	-1.443063124795163077e-02	4.507250286307331599e-01
3.862279344009155180e-01	-1.855790371051192933e+00	-7.806307273897512555e-01
6.479762527808033412e-02	2.994622212763653479e-02	-1.978079254231305040e+00
3.302398752281510141e-01	-6.002021206371866979e-01	-3.485006782711328022e+00
4.870898959478234813e-01	-2.840911366981591635e-01	-1.018883358865378508e+00
-4.197472768541127275e-02	-2.019726771478375649e-01	-1.578239685935435954e+00
-1.813883341455651554e-01	-1.038715764411124898e+00	-1.603062423873798936e+00
3.360459200527372570e-01	-1.257533267662821475e-01	1.143810618256033695e+00
-9.863110704226304981e-02	8.623086136774793520e-02	-1.683028635820872143e+00
2.328301597291546066e-02	-7.669491353186215221e-01	-3.582687867279794602e+00
7.596872389202288800e-02	-1.472251920813146819e-01	-6.722988624201652330e-01
2.373415178272416381e-01	-6.165333401578176886e-01	5.895833078122878490e-01
4.230938169320565545e-01	-9.504073612676646743e-01	1.980229955125652808e+00
-7.319444494493221320e-02	-2.886564955653965758e-01	-8.103739063825280420e-01
2.343315786293262426e-01	-4.344072242250266447e-01	-1.329180075357806468e+00
2.709604561750573737e-01	-5.632050650263316083e-01	-6.197843842660841318e+00
-9.167081285432887583e-02	3.196767551340965463e-01	2.764355043060992223e+00
-1.793484676999725913e-01	-3.081554421376331843e-01	-2.098515391344293324e+00
2.353533199696579148e-01	-6.871919090080313985e-01	-1.787202739252607531e+00
5.011707579026037918e-01	7.733893497264199279e-02	-2.399814596075942053e-01
-5.654436856321187754e-02	-8.969820647700843530e-02	1.880411184656929358e-01
2.210301913556401154e-01	-8.047565903688397304e-01	-1.126279828690173179e-01
-1.119042213196223545e-01	-1.547789166486152279e+00	-3.638559754139524482e+00
-5.801655758878157543e-02	-6.284040855095581746e-01	-2.793763916532688185e+00
2.756478183733980514e-02	-6.681407541155672813e-01	-2.953574575620512732e+00
3.667826094301989137e-01	-1.157870367720327698e+00	-1.772340738941602378e-02
1.577724384654599077e-01	-2.165841046993265406e-01	-8.826218446972776688e-01
-1.538978531730822441e-02	-5.186708556975517803e-01	3.173655054793682595e-01
-1.038740967680683303e-01	-1.076139227799555176e-01	1.916642559009204660e+00
2.336745759649242471e-01	-7.021666364215523037e-01	-2.617033224530710411e-01
3.997720531050232839e-01	-4.948879021730392958e-01	1.514236750624725403e+00
3.987524606304880537e-02	-8.622730486499624591e-01	-4.106294611136498962e-01
-1.258526582262113336e-01	-7.251148722335554186e-02	-2.980016446651310158e+00
-2.482453710913234968e-02	-9.552549155279816961e-01	-8.948645387128004725e-01
-3.422499177909223145e-02	-3.090193702563455158e-01	-4.237737807363108899e+00
4.056526051660895582e-02	-1.261981425309974369e+00	-2.467390491039877620e+00
1.271378974756839364e-01	-9.051714834399868792e-01	5.329348012188928063e-01
3.298483142188489703e-01	-8.203302448308932293e-01	-3.388186670495795250e-01
-5.392398842947207505e-02	-1.019070979982616754e+00	1.346289875429680150e+00
1.042101821230726894e-01	-1.032368464926662011e+00	-1.885324099032197331e+00
2.152628992512050504e-02	-1.719198372771033156e+00	4.762516255704276613e-01
9.522240406689953807e-03	-1.604095746393230382e+00	-8.128614600114048017e-01
7.301127728257331140e-02	-1.451219562447683575e+00	-3.912289477391692749e+00
-1.042310952481866060e-02	-4.792687211972788686e-01	6.387428975550412114e-01
-4.478779641812169476e-02	-1.608394659883420452e+00	-4.550559792795675351e-01
3.115925131322112018e-01	-1.764200703979319940e+00	2.475655018872334079e+00
-2.823768075055217985e-01	-1.285188328481408515e+00	1.626331694285758855e+00
-5.742952290458680498e-01	-1.339800898073179036e+00	-3.515403828167680267e+00
2.051783080758674827e-01	-9.237375539924786993e-01	-3.396470879851761993e+00
3.696855016733535670e-01	-1.497415151271451084e+00	7.792777038891808283e-01
-2.640318978008554529e-02	-1.052871133181850549e+00	-3.110657131963882271e+00
4.746453879068477932e-01	-1.294172867638470281e+00	-3.412238950309898211e+00
3.290789138417841153e-01	-1.320847432423981838e+00	-8.725072733674057446e-01
-1.967335269329543654e-02	2.546806837759552078e-01	1.609180001277455085e+00
1.464636397602418205e-01	-1.195341475972931056e+00	2.038055521585233620e+00
-1.970798401909336917e-01	-1.062047312319004400e-01	1.253099994441494447e+00
-4.747576053082031705e-02	-1.058336008011642848e+00	2.097852329208553357e+00
1.368808209359423378e-01	-7.489049430298260202e-01	4.237536270617594525e-01
-2.444715860802315621e-02	-4.560480587705221245e-01	-1.158813451883975665e+00
-5.280783347552152340e-02	-1.055092891303293090e+00	-3.662662898583018967e-02
-2.239105288419534490e-01	-1.754311310676291313e+00	4.030968063636966581e-01
-4.634359052455420958e-02	-1.880881362435490534e+00	-3.581374569918474027e-01
-1.512238923306662430e-01	-1.776529726849146229e+00	-8.486315771726675727e-01
-3.537394371259067194e-02	-8.971552629875972906e-01	-9.230500030077883888e-01
1.802378077583578209e-01	-1.180938192306029588e+00	-2.021119596605866597e+00
-7.018204566044131676e-01	-4.225532415050935464e-01	-9.075525457370099414e-01
-2.893668402776206627e-01	-8.976631215016718235e-01	6.218980658342216916e-01
1.578534621153541428e-01	-1.106306072499638082e+00	4.466328367903320107e+00
6.161752795489740253e-02	-2.070645331621286944e-01	1.761903685833412059e+00
-1.113152589221058225e-01	-1.313475651824786983e-01	1.567097983148673768e+00
1.766898782159540826e-01	-1.297325404648022484e+00	1.498960164019290664e-01
2.744850611205745805e-03	-1.220958184999560547e+00	2.791672369487151251e+00
-3.300762156503337375e-01	-6.173642031926629414e-02	2.112439125174834231e+00
-1.457772776693955913e-02	-1.381191810263588282e+00	6.984822865150007720e-01
-6.769114354089744712e-02	-6.568132539174501572e-01	-8.300569262568524564e-02
8.977764788854390721e-02	-7.279205878366681315e-01	-7.248279620321222971e-01
-1.986456030921172206e-02	-1.828852568102022902e-01	3.448767149247727648e+00
-1.465375063752056284e-01	-7.569981934818301728e-01	2.782308397839879266e+00
-1.418862107943278383e-01	-6.034294807205863309e-01	-1.229210782116513467e+00
-3.554589158077507971e-01	-1.557301634191668782e+00	8.191933604301825378e-01
1.306938364535289998e-02	-9.680933852599726830e-02	3.070419096074013421e+00
-4.325918717281583836e-01	-1.772426784068132921e-01	1.250146311483246508e+00
5.818243735041778164e-02	-2.189449444808631462e+00	-8.514872127437280724e-01
-1.565022213185077449e-01	-2.990363796558925813e-04	2.899800631524160011e+00
-1.412866038159756032e-01	-1.556993088932701941e+00	4.720003131146054409e-01
-6.086321046112241895e-02	-8.972415768236919886e-01	-2.226040983295769493e+00
6.751056689856746451e-02	-6.686196073416735830e-01	2.791465082632715866e-01
-9.903072502158918877e-02	-8.079896837415484478e-01	1.429314307275059592e+00
-2.915080650499367043e-01	-1.011979002653023318e+00	-1.119433691975267209e+00
-1.384296067303242284e-02	-7.204579585745961579e-01	4.693660615415812032e+00
-6.805033913163446302e-01	-1.317320426431982661e+00	8.457040410584616419e-01
3.604160165196464427e-01	-1.459763396726859952e+00	-2.677146902717312038e+00
-2.354785962330006865e-01	-1.366731995342387318e+00	1.713088449916338796e+00
-4.928268995313122569e-01	-7.315483318540729751e-01	-5.771510549508707122e-01
5.047116252212471288e-01	1.200193725714111537e-01	3.440117553648197379e+00
-3.583904205632998941e-01	-6.483557977338669787e-01	1.626089444090230485e+00
6.055123874245804672e-02	-1.057808278696173776e+00	-1.464733432159860627e+00
-2.510924242057516187e-01	-3.241168128432847517e-01	2.350902004536793211e+00
-3.272817375522125705e-01	-2.860206185251921163e-01	3.420326151895684674e+00
-1.595949179662002060e-01	-1.586967445121805209e+00	1.234541849951749981e+00
-2.428732609088375682e-01	-1.160581235425281466e-01	-7.812303396061328620e-01
3.164778318308913985e-02	-1.014522967858396685e+00	-1.376791832727170650e+00
-2.752703622729651967e-01	-7.834589522268429196e-01	1.468125047415287376e+00
-1.247648111866327958e-01	-4.733773120902149412e-01	2.778090831836344865e+00
1.776793198135483975e-01	-5.905187323156917412e-01	2.356898406964679005e+00
-2.801087931358530181e-01	3.323319106374720278e-01	3.940935548162206814e+00
5.299751427063045806e-02	1.373496477584301712e-01	1.201341165502617825e+00
-6.592911025741979292e-02	-3.505852660292474998e-01	3.164051923617841044e-01
-5.932561781958295422e-02	-8.654537993133754048e-01	4.891683912679989366e-01
3.327401536342530775e-02	-1.360568840353335363e+00	4.540804128444041687e+00
-1.373582666337193059e-01	-5.272036340199229842e-01	6.851505557093874543e+00
-4.823151177392407951e-01	-7.126498143564876653e-01	-7.329262938601730504e-01
-2.597291974055663255e-01	-7.945533289003551269e-01	-8.041871590466649344e-01
-2.446465509521273951e-01	-2.841107855893568179e-01	1.708112018032439394e+00
1.238854032401910943e-01	-1.046192757856428956e-01	1.773287987205974803e+00
-4.884416810388410024e-01	2.617614110870262190e-01	6.562409638966333336e-01
-4.536934304144396024e-01	-6.403935452633585657e-01	4.175943171458467162e+00
1.397390584704734096e-01	-7.936643944690835450e-01	5.980017713503980037e-01
-6.474191566784359697e-01	-3.136125273948650594e-01	4.302413211188840236e+00
-2.185284662252470478e-01	-4.824716259548654795e-01	1.520970766619611503e+00
