angle	angular_velocity	angular_acceleration
5.521992485113209614e-01	7.426980956554205537e-01	-3.107633399810857622e+00
4.778329617797274498e-01	4.540947589323454658e-01	-4.690687360775512182e+00
4.560547010121170919e-01	1.120336296696629041e+00	-3.098984219815128505e+00
4.478593313199096815e-01	8.425986484747649552e-01	-5.590261880928776961e+00
6.630459646724342626e-01	2.754487163986414910e-01	-6.417001178256281690e+00
5.226291848525629335e-01	3.349833290289917498e-01	-6.296301820981486941e+00
4.495671495903904580e-01	2.479658469959958866e-01	-2.328083713441459146e+00
3.862072608611362146e-01	6.153866208811269445e-01	-5.559447667126007353e+00
5.936910607830772069e-01	-3.219020273335777560e-01	-5.070477122266816572e+00
4.418969136057884217e-01	5.442550108377923745e-01	-5.808385923087218572e+00
5.529375135806524622e-01	3.909396203180319773e-01	-4.947449004623984514e+00
6.179589143300631138e-01	-2.991908068117046238e-01	-5.037231917038803353e+00
4.708237267024138473e-01	4.302094663492119775e-01	-4.430816710546675807e+00
6.646704473373105104e-01	4.339014186084019231e-01	-4.661157191493557228e+00
5.609642421193434814e-01	2.390252278896915494e-01	-5.173056898277459403e+00
6.100760622153664769e-01	-5.388506988000776876e-02	-4.355737310119102368e+00
5.012119778984536200e-01	1.230232873198959798e-01	-4.761645374063823155e+00
4.720384827158920493e-01	4.023756475946159150e-01	-4.082012475099232596e+00
5.353166866307585980e-01	-5.200494858218335237e-01	-4.205878630602800428e+00
3.715393565073412674e-01	-1.243360500880206776e-01	-4.242445869529127833e+00
3.766996106803179312e-01	-4.793090437655234681e-01	-3.939726419693255544e+00
5.678788682095166074e-01	-8.113476509897596389e-02	-3.974845971579601400e+00
3.236306497554259920e-01	-2.914529432051516933e-01	-6.085283423947227988e+00
5.566944809574941866e-01	3.625589970719843569e-01	-3.910031676030985004e+00
6.077441930411568993e-01	2.108460059150815413e-01	-4.626775970055341247e+00
7.542965396847914894e-01	-1.698284736385065608e-01	-4.250196536371819711e+00
3.605120610932852632e-01	-8.625138109808687392e-02	-4.963626924304240795e+00
6.855960808530910944e-01	2.713054408819725594e-01	-4.670129756594535664e+00
5.457422653291243986e-01	-3.218959000083210231e-01	-6.711859860079093743e+00
6.030028899758270722e-01	1.250513788111502489e-01	-5.026883277332079736e+00
5.460486641920611062e-01	-1.309320440533605912e-01	-3.893192777635833934e+00
4.434168864372682317e-01	-4.747300269495455805e-01	-3.898143270372020908e+00
4.147023777931578281e-01	-2.042680202812473533e-01	-4.680418511623419597e+00
5.590339403568317378e-01	-3.791475297495391361e-01	-5.515825244868342914e+00
4.205827119231983491e-01	-7.737113038334126891e-01	-4.540806393215292225e+00
5.992767711575185396e-01	-1.224586118066498253e-01	-3.748865448545472212e+00
5.762700081318666845e-01	-4.952538237855141356e-01	-4.431646099162474428e+00
5.836063273276159702e-01	-4.839695938489301796e-01	-3.825988381068734956e+00
4.595859544181685186e-01	-5.413569096110372181e-01	-2.693959493153023299e+00
5.448239498383238288e-01	-1.578586737630279790e-01	-6.944334195280497113e+00
5.396372715052882851e-01	-3.616449567674453469e-01	-4.869254436588786206e+00
4.010745580303194391e-01	-7.419354281061063539e-01	-4.293078733487023513e+00
5.571024775744853885e-01	-7.382351427532352073e-02	-4.833500929492457132e+00
5.742328626943591363e-01	-4.766813701114216983e-01	-5.214265898678718258e+00
7.349719874396020147e-01	-5.895785266822872739e-01	-5.791034795408180891e+00
6.033050578572450862e-01	-5.716542595195270859e-01	-6.047391424694069428e+00
4.091455575272564538e-01	-1.101794340959010521e+00	-5.992256886546179828e+00
5.494381586579272225e-01	-1.173528924817070385e+00	-5.523241732058635556e+00
3.963468466984219063e-01	-6.503821535492531059e-01	-5.446971492749235644e+00
4.411834762478662464e-01	-8.572963069147319093e-01	-3.770488513675206654e+00
3.404271795743057938e-01	-6.459240575334328494e-01	-5.209310773719730392e+00
4.185346380058732607e-01	-6.106934069374476692e-01	-3.089736520777499607e+00
3.683965804036180014e-01	-8.207926282233855009e-01	-6.229614486693314745e+00
3.309584159976782791e-01	-1.162536125202884296e+00	-4.425690999482321253e+00
6.097253485367594150e-01	-1.007178987976552920e+00	-4.687362966486852578e+00
5.028990562417258170e-01	-8.184080099522637042e-01	-4.531746074204081154e+00
4.622386726585175354e-01	-1.104479447006138315e+00	-3.993776738648215030e+00
2.410377573352144587e-01	-1.026701318977107258e+00	-3.564184835151677611e+00
4.200817672596240948e-01	-7.520290229441878305e-01	-3.967432486491022203e+00
3.648097317865847677e-01	-5.089064368793618787e-01	-4.717486732972250962e+00
3.460851924093381604e-01	-1.373489495619145018e+00	-4.410967290909558081e+00
4.410137754546894495e-01	-1.285261674235030904e+00	-4.238288283688954827e+00
4.011934223619186834e-01	-1.255397158575485284e+00	-4.632245964220613743e+00
4.215681909014513118e-01	-7.867087244687638314e-01	-4.473907449541353998e+00
4.247530660677195646e-01	-1.349550950613719102e+00	-4.585791682040163408e+00
2.820693493833709153e-01	-1.152743008545813241e+00	-2.898747449448638491e+00
4.033976610826238707e-01	-1.809714678695430123e+00	-3.379295243581134756e+00
3.841589117619543803e-01	-9.156677858563037065e-01	-4.844267998845536383e+00
3.080473486810722528e-01	-1.272499173534080708e+00	-4.061977879462418173e+00
4.135940336505464776e-01	-1.588543891099293948e+00	-3.318790183965894869e+00
4.165504183186517495e-01	-1.402064934555699693e+00	-2.576595047185500587e+00
2.731080955590995396e-01	-1.139541522934361062e+00	-3.916326637955480638e+00
4.275439183151773515e-01	-1.071090898516061873e+00	-3.533396397400221822e+00
3.252246134274816569e-01	-1.104055468505437343e+00	-3.360632324658177517e+00
3.643069449051983821e-01	-1.491398079700253287e+00	-2.480709293718622810e+00
2.753558233553339840e-01	-1.292838111080793606e+00	-3.006778437549392891e+00
2.619378385414175003e-01	-1.195979947074589322e+00	-4.297316062752711829e+00
3.601006843581840422e-01	-8.211368137305554704e-01	-3.284075280913164807e+00
2.439209898449005987e-01	-1.361577319386886087e+00	-2.721203973870484294e+00
2.829956541546764237e-01	-1.557235469698986075e+00	-2.691524377425998704e+00
1.586394073881682021e-01	-9.347251382552654864e-01	-1.219143516199777011e+00
3.854773121587115048e-01	-1.137110155909124121e+00	-7.674908042912584882e-01
3.885639430737898303e-01	-1.565694050478871668e+00	-2.149017180886597878e+00
2.288153660324122873e-01	-5.617240173488973198e-01	-2.130253000356483462e+00
5.176628481989044017e-01	-1.511367947378115195e+00	-1.719807152205365952e+00
4.384934205812112684e-01	-1.287471238990048894e+00	-1.569362967359932970e+00
1.638205632698941927e-01	-1.348023456375929907e+00	-1.843046722988896269e+00
2.893978536257924006e-01	-1.271950391822012083e+00	-2.023696417544394333e+00
3.153573280481415386e-01	-1.193126839245955528e+00	-1.551086598268986982e-01
3.386998827019065961e-01	-8.780586228591504838e-01	-1.500756346318988133e+00
2.550111427145056453e-01	-1.290062477408740138e+00	-2.942383709041977102e+00
1.714959317271637085e-01	-1.657750158604031299e+00	-1.916292489633892204e+00
4.544580887075805320e-01	-9.896452606146848296e-01	-2.623976938382219348e+00
2.178841511126921870e-01	-1.372785085243246161e+00	-2.615766379702682443e+00
2.052713368050428921e-01	-1.699693515218622331e+00	-1.710551246885005927e-01
2.010294930806270086e-01	-1.488847519151758281e+00	-1.330370914165148299e+00
2.067372176089594116e-01	-1.165324994515040569e+00	-2.627744267546837875e+00
6.365312449071314216e-02	-1.549932537822757084e+00	-4.234622290853719662e+00
2.051739993381380134e-01	-1.757833712005903548e+00	-2.902574787938309697e+00
2.555013102517790236e-01	-1.420051136433172267e+00	-1.807658591087274225e+00
2.890171365887959087e-01	-1.186643620934012544e+00	-1.165083549239541938e+00
1.332767316231730503e-01	-1.430047062288128723e+00	-8.721058147130271720e-01
2.056386190740618347e-01	-1.687687567852761195e+00	-5.304680986490628580e-01
2.493158925877311249e-01	-1.864741831518523130e+00	-9.081682505905908087e-03
-1.281835994700436521e-02	-1.483249509861025661e+00	-1.332973165248618974e+00
-3.439872463444854089e-02	-1.688140365020095679e+00	-8.708644407471840543e-01
2.150137536401687255e-01	-1.343987212510615592e+00	-1.098430507231351161e+00
1.454905954480967822e-01	-1.401538812205418427e+00	-1.535981991934334712e+00
2.209133134901219986e-01	-1.504932954894989461e+00	-1.632929559346356641e+00
4.190644554592301563e-02	-1.507881141543419901e+00	-4.362915571929084635e-01
1.272918516316760007e-01	-1.191852543669766451e+00	-2.201382733210400566e+00
6.743147714392760950e-02	-1.563088013015323519e+00	-9.637312091273266823e-01
1.336746461173591860e-01	-1.234566664336872677e+00	-3.048813613091598262e-01
5.283138696346980495e-02	-1.463469909662761248e+00	-1.096502404605594894e+00
9.013228462379091477e-02	-1.548832482306593761e+00	-1.141940849056248264e-01
-1.516987818633818708e-01	-1.094593977962854403e+00	-5.740969112668941055e-01
1.087020457773137105e-01	-1.845809153455961305e+00	1.879633817679056129e+00
9.167074231706268117e-02	-1.825480933212300094e+00	7.014746475110100743e-02
6.555725273221195415e-02	-1.966900303063181088e+00	-2.127246754423345321e-01
-3.112681740467561353e-03	-1.594124317065992447e+00	2.508961862344157301e-01
1.224827748173598213e-01	-1.533728008794691178e+00	7.596952728790230536e-01
2.326101511962448132e-01	-1.655705540662149033e+00	-1.722471575601226546e-01
9.659654187240485079e-02	-1.597847692698038058e+00	2.006971799019612313e+00
3.386456237423576821e-02	-1.384208291781222844e+00	1.526471156541344687e+00
-7.032411002806107647e-02	-1.093555534474497826e+00	-1.235704026966054636e+00
-4.850755539891257739e-02	-1.379979052019117525e+00	-1.684518891829131615e+00
-1.801644539424591129e-01	-1.964134594417260571e+00	-2.686980165882352223e-01
-1.837209322628989283e-01	-1.328881994299551561e+00	1.356051305763961379e+00
-5.259584489710797395e-02	-1.062159295520208380e+00	8.906742439482373541e-01
-5.344835315823490141e-02	-1.982063239301728785e+00	1.527831841376682043e+00
1.620548036625049926e-01	-1.136992937304047713e+00	1.227373539677207415e+00
-3.347033213622441217e-02	-1.051606769442206435e+00	1.968094684972329977e+00
-1.074015041335514842e-01	-9.082182572953847455e-01	3.112399052962590007e-01
-4.333089374594516902e-02	-1.199911299074712501e+00	1.588944683823212189e+00
6.905918230584473516e-02	-1.626845411753563564e+00	-3.123904795087815156e-01
-1.509799233870523505e-01	-1.923178053699168277e+00	6.168859361287482024e-01
-7.210920117189101308e-04	-1.431271543344788011e+00	2.964075444698576201e-01
-8.924008658789686632e-03	-1.824217229558500186e+00	2.281304534690818286e+00
-1.290459744257318464e-01	-1.066973655919264630e+00	1.109721279714922959e+00
-1.308691487300487621e-01	-1.965886238771872074e+00	1.088356218771280304e-02
-1.604636480007298471e-01	-2.173409751509982168e+00	1.763816268216749084e+00
-4.900150097850944353e-02	-1.234849229098401224e+00	6.144578475812635387e-01
-9.762805474204801215e-02	-1.164583514768885664e+00	2.129695704851816807e+00
-1.093589868515232322e-02	-1.112423607671867654e+00	1.113855266648036135e+00
-1.015699320501330799e-01	-1.643916786880608161e+00	6.950280319253434591e-01
-1.602435944281924152e-01	-1.451766449469628073e+00	3.926821109955440647e-01
-1.272752867202520677e-01	-1.895927881134202853e+00	3.163994159515454374e+00
-1.050927043593035959e-01	-1.758843890821225164e+00	3.537880079082164286e+00
-3.550663730572719001e-01	-1.045781821616157181e+00	8.715062973143874459e-01
-2.446816296324205164e-01	-1.185088197199398952e+00	1.125361547464421186e+00
-2.721877062302971995e-01	-1.475987619857625166e+00	2.746722726520967051e+00
9.476944099426518053e-02	-1.379079025748544352e+00	2.868956493096737059e-01
-2.490034990701234796e-01	-9.075835211642786504e-01	2.213992992481776501e+00
-2.689955626630383123e-01	-1.672637106762670189e+00	1.430978915950606112e+00
-1.272541643529923050e-01	-1.004163965483361398e+00	2.255772919097778217e+00
-3.731176933383695826e-01	-1.450342832645867830e+00	3.558843702091246008e+00
-1.958424396437812853e-01	-1.366437051159695271e+00	2.279620682302351486e+00
-1.072895723537001522e-01	-1.496651594479891267e+00	3.521057957907481661e+00
-1.820074848822864078e-01	-1.631672774285997551e+00	2.570133954808650589e+00
-1.227040485707735634e-01	-1.041608956406504305e+00	3.477539748391975660e+00
-1.409328513812166395e-01	-2.011361320838564559e+00	3.695991736629279600e+00
-2.781168883952331305e-01	-1.179835686012453033e+00	3.829706524536550916e+00
-2.712857824409111718e-01	-1.319645330901294100e+00	4.375973531650832804e+00
-4.137151819705151556e-01	-1.209381593999431903e+00	1.566671832524404673e+00
-3.178404113435747136e-01	-9.713143768529074462e-01	1.478518003177371476e+00
-1.165516348219388931e-01	-1.177224999316167420e+00	2.802919166075368285e+00
-4.163072745349419845e-01	-1.057781075412004723e+00	3.635534836500803557e+00
-2.560653172696559232e-01	-8.842539694104805115e-01	1.463055125849047178e+00
-2.914591009987025361e-01	-1.514633868048478771e+00	3.595971092904242550e+00
-2.400145087285610879e-01	-1.290068278788504497e+00	3.916682878096314990e+00
-3.626771538478101853e-01	-1.086217712295993065e+00	2.720771186594812985e+00
-3.625173591428056952e-01	-1.551359313946737428e+00	1.305580556602860876e+00
-2.864784491044681802e-01	-1.290494968221693961e+00	3.781667515288409831e+00
-3.537299041394659227e-01	-1.036819298457064775e+00	2.974782123173699944e+00
-3.366820096851052546e-01	-1.043970759134468018e+00	2.213635535894737050e+00
-1.345141693851342191e-01	-8.497242546431502674e-01	2.316023975535225432e+00
-6.248019994735914961e-02	-1.264091201765414230e+00	4.753670249803662706e+00
-1.388088022861868331e-01	-1.753858262403515722e+00	4.838878764730127457e+00
-2.514109786100446886e-01	-9.205130321448810049e-01	2.662230351461656319e+00
-2.741312327967558859e-01	-1.122884165951412383e+00	4.120473874519650082e+00
-3.081397067992927563e-01	-8.941699304972648976e-01	5.140012935417594520e+00
-3.464928610052691038e-01	-1.188221883762629050e+00	4.026704050937064849e+00
-3.881155599910106058e-01	-6.379743893051309511e-01	2.589549595205622445e+00
-3.307560065136572747e-01	-9.054698018557619799e-01	4.162350498719668224e+00
-2.514651152334340112e-01	-8.966992512132575532e-01	4.204377485381835200e+00
-5.284829211723425235e-01	-7.721934248272043222e-01	3.165599893208088211e+00
-4.307840832895271643e-01	-6.763135721644447651e-01	3.256266961773760293e+00
-4.291300590299804707e-01	-6.828539386394467670e-01	4.463180316600670494e+00
-5.147507661142487478e-01	-1.798358624082248003e-01	4.130158367407086750e+00
-4.963974515269171106e-01	-5.571875326169724030e-01	5.036785392769826508e+00
-4.129356437630453680e-01	-8.664933784705513009e-01	3.160665607245850328e+00
-2.737119075640684351e-01	-5.305242425560059427e-01	3.548705274579707858e+00
-3.270288916422920966e-01	-1.492460095638510120e+00	3.127574083226727808e+00
-2.465766588257153613e-01	-4.419969832678530275e-01	3.351378872432282829e+00
-3.877002705224765755e-01	1.204386493519168377e-01	3.924213003050212034e+00
-6.028776876964377918e-01	-5.938407695988756618e-01	4.628873432178188807e+00
-3.247723490142724323e-01	-9.895490138399478663e-01	3.500466194260286823e+00
-5.320251981706313193e-01	-7.117616078603383745e-01	3.331488181141761817e+00
-3.912351443172469301e-01	2.009537886909892324e-01	3.602654703736260622e+00
-4.454121586870979366e-01	-4.206416496703907493e-01	5.700983881057897662e+00
-2.714492174281784020e-01	-4.489485263674751758e-01	4.454806081777133997e+00
-3.796864133983535172e-01	-2.317405124253789639e-01	4.186145793094745216e+00
-2.850210184199412078e-01	-7.122902513444832051e-01	2.610776620968491279e+00
-4.049896198605293929e-01	-4.570315855902678526e-01	3.829308224683898754e+00
-3.730620612033268002e-01	-3.886842204993670169e-01	4.639392659439941724e+00
-3.842670535832698464e-01	-1.128222865197249236e-01	5.757167371629838826e+00
-4.591756731245161260e-01	-4.168084156453814026e-01	2.354582685595751901e+00
-2.686220652361895889e-01	-1.652201596008730788e-01	6.017004126380144591e+00
-2.588653893123391558e-01	2.362028250349194058e-01	4.632992525243822435e+00
-3.446556798220699047e-01	2.140828035948190711e-01	4.279931030894220001e+00
-5.048431379120074114e-01	2.455736964137023026e-01	4.712534662049211676e+00
-5.111617429716961425e-01	1.290927988121904901e-01	2.918882258018394182e+00
-3.608558091794719092e-01	-5.604447804317503889e-01	5.505071075055437468e+00
-5.608827782102494552e-01	1.240009380699828023e-01	4.658732891587415992e+00
-4.493063367785234408e-01	2.849173695909690274e-01	2.381865036129254598e+00
-4.973147744661098879e-01	-2.099233986697174037e-01	4.664340308471531138e+00
-4.830096541062904314e-01	-5.526131504717515242e-01	4.943452222777107607e+00
-4.020140838296359931e-01	2.225565665227122181e-02	3.148365857095983600e+00
-4.554608224988149212e-01	-3.421881798888811721e-01	4.449024307801773936e+00
-4.570411400086851206e-01	1.246316476700677911e-01	3.532233712139026149e+00
-3.441939961784645230e-01	-1.055160103795305115e-02	4.599099749250862068e+00
-5.587649989170078157e-01	-6.317379433491976393e-01	3.370854998022943860e+00
-4.698220779751557385e-01	2.860832830106460056e-01	4.043997783115089284e+00
-4.116243298678387563e-01	3.724552929044498417e-01	2.908208659806528651e+00
-3.338865591544183942e-01	-3.022289357955829647e-01	4.226609013012865290e+00
-5.705146098741334937e-01	3.172603207684122906e-02	3.727274919060762137e+00
-4.161494653628109441e-01	-3.714768656195130969e-01	5.956770771704198886e+00
-3.483736715595123767e-01	-2.302011581788428740e-01	5.245522798777761508e+00
-4.806214620672406568e-01	-7.738897129706767686e-02	3.924382708923833896e+00
-4.472697854949269081e-01	3.080926812232279710e-01	4.212473144854724794e+00
-5.525421178672509370e-01	-4.516914831159916099e-01	3.619387462718448134e+00
-3.415820898203422717e-01	-2.162412526844796901e-01	4.354940721343209198e+00
-7.096034747493928929e-01	3.135624986700302763e-01	2.184574902737064672e+00
-1.896873382033111843e-01	2.499387510057040074e-01	3.955064910260621236e+00
-3.653548778465346980e-01	5.697638032745245829e-01	5.027790253096032558e+00
-4.735331954841118796e-01	7.274910900870225072e-01	3.583774752570762168e+00
-4.239561040966097760e-01	1.984401782007873538e-01	3.395272400269434332e+00
-3.427167736015528932e-01	-1.662930205952408702e-01	3.228224282802566680e+00
-4.291256023004028086e-01	8.655982262618462375e-01	2.892975886993687240e+00
-3.924259006845156050e-01	4.662909382391126067e-01	3.706343100362131437e+00
-4.239690672087323975e-01	3.747654402863009881e-03	3.780307807502315764e+00
-4.311755791419386030e-01	6.239556205847200943e-01	2.675155637567597555e+00
-5.643695814884102102e-01	5.469128204293117745e-01	2.878394690543424339e+00
-3.006405722718900053e-01	7.250251864878554109e-02	4.626898239207267949e+00
-5.545802841189971799e-01	6.806320086778343548e-01	5.271316504003999093e+00
-4.413322713671001263e-01	2.765596573920764412e-01	4.351480148260009173e+00
-4.840903263857835315e-01	2.921018827581505217e-01	4.264762475078265780e+00
-2.509673734380166721e-01	3.311091806312909114e-01	5.933497223227958806e+00
-4.606824523647319869e-01	6.904686806225912576e-01	5.142508803285380736e+00
-5.469861460355631699e-01	4.201995283369699963e-01	3.869090530481567480e+00
-3.810187799963232758e-01	1.933300058741249106e-01	5.745560506490452468e+00
-5.402430848966621735e-01	7.425666318476598082e-01	4.202815796041456053e+00
-3.516869045989379772e-01	8.138533719548347589e-01	4.999837924650376131e+00
-5.560714402303807979e-01	6.012757569813915737e-01	3.684487843579848931e+00
-2.898723321391075691e-01	7.301698331854740154e-01	2.379911065142407800e+00
-3.866239831601870347e-01	5.990713155629233677e-01	4.649801936278093351e+00
-3.843518055767244368e-01	3.007138285840277314e-01	4.095386604325447877e+00
-5.350619104462193132e-01	8.095380055858674151e-01	2.471773842708826940e+00
-3.510173395046450318e-01	6.156541535334445481e-01	4.026088767402126400e+00
-3.988452966095303864e-01	3.135833469019525532e-01	3.398288422255029584e+00
-4.551748119978722973e-01	2.687016277966386424e-01	2.695117491203820048e+00
-4.758109712552581749e-01	8.521653887427058649e-01	3.386286775258938508e+00
-3.803620425483040801e-01	8.160475004367141461e-01	2.141731639038848112e+00
-5.118470785152916536e-01	7.058541890811015351e-01	4.055067335940726991e+00
-3.642056419660539279e-01	1.319659685541865413e+00	2.189511233097143794e+00
-5.738476741548063087e-01	3.814230921090162596e-01	2.177685296622471789e+00
-2.013893030472359846e-01	7.301915083541641316e-01	2.166764257271259986e+00
-3.936047227893460509e-01	4.248374631215462993e-01	4.380537773307521476e+00
-3.371524620609305245e-01	8.570363217788259380e-01	3.392121876637324895e+00
-5.058413686129430431e-01	1.032670165336756929e+00	4.431653984664633228e+00
-4.684510546875965131e-01	3.103650808676789996e-01	2.828346971677997423e+00
-6.133889439744681926e-01	8.258153980302405106e-01	2.855959721688047015e+00
-3.382458761278767101e-01	1.562372203264703607e+00	1.552811773064263656e+00
-3.487608829296896529e-01	1.120210086257418025e+00	1.967538778368898900e+00
-3.456670422252736685e-01	8.907096185518287301e-01	3.954844150960107108e+00
-3.448092243060537077e-01	1.097072140486362368e+00	2.259991875698185826e+00
-2.468175898902913445e-01	1.283347791008290439e+00	3.571552142938656527e+00
-2.817870078579627346e-01	1.016678181608625220e+00	3.541926616450058241e+00
-2.600122947071265012e-01	1.021566974540637274e+00	3.273227764353330738e+00
-2.839864470746403247e-01	1.054673772694288525e+00	3.794144428513679390e+00
-4.083915344629477362e-01	1.318815681332451639e+00	4.041075211736251838e+00
-3.728173165728899674e-01	7.503056239884619005e-01	4.255989084621552898e+00
-1.485582930774089205e-01	1.112043931225027649e+00	-5.094220686784760588e-01
-1.854199196733668509e-01	1.074198463405357407e+00	3.528333382708797039e+00
-2.210849929406298875e-01	1.341984026728266333e+00	3.408278993536123735e+00
-4.789657370049493768e-01	1.469226157621378537e+00	2.794086580613463600e+00
-2.346291310454803325e-01	8.942927816858406986e-01	1.502697990276000484e+00
-2.317927978933329858e-01	1.282787678639283557e+00	1.813326685522286041e+00
-1.863267790124913670e-01	7.159932205882570955e-01	2.280870267387527406e+00
-3.188846536948157229e-01	6.613679853312702805e-01	1.379650600607595923e+00
-2.123725496579697558e-01	1.095335779039636748e+00	1.338570361034724598e+00
-4.242069807689536343e-01	1.324000494195438193e+00	1.937451583996635307e+00
-2.480131316052188728e-01	1.576641533282666874e+00	1.077847524626196485e-01
-1.658545683359697875e-01	1.461169978459509800e+00	1.700285483243917595e+00
-9.615299564749077432e-02	8.390371101115824404e-01	1.377508904626634223e+00
-1.479317105004819832e-01	8.566390202046614277e-01	3.072809434340577628e+00
-1.342537715090436623e-01	1.028652299554211558e+00	1.541269992501253183e+00
-1.062300519555379047e-01	9.601219132231343378e-01	6.942783363237272631e-01
-2.562557124500853822e-01	1.513241804089675790e+00	2.432196797209364547e+00
1.857012366438517970e-02	1.391745476838524231e+00	1.573536174897004702e+00
-1.044003111896572022e-01	8.652537057697344824e-01	9.445170173699767302e-01
-2.277398474029140030e-01	1.529906842154355795e+00	2.050644658806847875e+00
-2.939677983060120514e-01	1.064263224441748257e+00	7.530100278990640161e-01
-1.806280191346479047e-01	1.311962066383713932e+00	3.161216982109198881e+00
-3.332963547447961861e-02	9.238560217355727966e-01	-1.103460290256610410e-01
-4.101451843690649690e-02	7.143864920695189857e-01	7.773512316659507704e-01
-1.343791055880829144e-01	1.303849128913056266e+00	9.947239974010568808e-01
-3.104981822413077630e-01	1.270900527514899681e+00	2.215237952937642252e+00
-1.395058375803758799e-01	1.176406591847872329e+00	-1.527704881682428795e+00
-8.102940733749469659e-02	1.587970126349969924e+00	-5.692910238487101093e-01
-1.344733968197019125e-01	1.563732005205735076e+00	2.793856086996679977e+00
-7.897723175296927911e-02	1.217417051247030146e+00	1.742596302728436353e+00
-1.134446811683480633e-01	1.296885835943625054e+00	7.471517476141286140e-01
-1.343619337475746855e-01	1.281761263034302711e+00	7.888466723659193214e-02
-1.491114168634831427e-02	1.120340746086780248e+00	2.049771691535229756e+00
-9.569304816824711346e-02	1.745110352309418467e+00	9.228191551208833054e-01
-6.442484021036468111e-02	1.383215301861946189e+00	2.743714889301211990e+00
-6.208336331114422402e-03	1.725276673376921366e+00	7.026177697824086410e-01
-1.852503717665972549e-01	1.416970750616827424e+00	-2.667812873955831554e-01
-1.722179189838404234e-01	1.462421125743040395e+00	-1.396617486194093871e-01
-7.884614811496232223e-02	8.364735956502045156e-01	2.219485262347055676e-01
-1.533248047739228515e-01	1.085691827961572375e+00	6.312716366943209589e-01
-7.731787327632017037e-02	2.390099097962267827e+00	1.466683213275991271e+00
2.953995067932190244e-01	1.214136130313275164e+00	2.634044446486006122e-02
-2.176737464531317001e-02	1.395061812809119450e+00	-1.628922864183601771e-01
8.631941351265165485e-02	8.859871954023657015e-01	8.775472593391719922e-01
3.024418067679033803e-02	1.639413656243573492e+00	-4.089428995283042045e-01
-5.663375096481133852e-02	1.404749475078250764e+00	4.677711569636752165e-01
-5.194454928287499211e-03	1.058805589179745876e+00	-1.000943382670413273e+00
4.373798680309509690e-02	9.830880032650910483e-01	1.158437002756144585e+00
6.609856293236507363e-02	9.928067696163567213e-01	3.060746460133194624e+00
-1.941113439199313589e-02	9.104798302801804244e-01	-2.230686324315177771e+00
1.564811898383060562e-01	1.438264715011920325e+00	-1.819478218410430226e-01
2.208389333140441113e-02	1.216295898631359673e+00	-1.028084190805576448e+00
5.782640692832234641e-03	7.026044464374505694e-01	-8.415553424551576178e-01
3.406997992462537650e-03	1.405221944136064716e+00	-1.505622301085166148e+00
8.607587724799271867e-02	1.569227271915164312e+00	4.978016983389288441e-01
1.748090582169929963e-01	6.731254799804642364e-01	-1.150511376813209363e+00
1.179789163838003141e-01	1.096509960548603724e+00	-2.459057591286532229e+00
2.663877474422003955e-01	1.078338571083930386e+00	-8.149369143505205138e-01
1.057536980046533126e-01	1.959880018352438302e+00	-1.192384253857836418e+00
4.980534479389199520e-02	1.256597482610935401e+00	-1.345673508787197159e+00
1.977258719739579118e-01	1.127588602694184594e+00	2.808196882963469587e-01
7.806530909179681954e-02	9.045699264303268539e-01	6.187831497827733784e-02
1.476661273370291905e-01	1.307392297021119365e+00	-2.667541718849836485e+00
2.140019592113251157e-01	9.138356232239717158e-01	-1.311525327898410032e+00
8.249239110707969058e-02	1.457082482573975657e+00	-2.192651987056821294e+00
-5.781628036485786382e-02	1.003559414981391118e+00	-9.884291896056652815e-01
1.070915596922877439e-01	1.143155160219067268e+00	3.497414154421691901e-01
1.491078195371611792e-01	1.002019470952629998e+00	-1.427097089462235902e+00
-1.540719123435907723e-01	1.245690241880480720e+00	2.046484073148087113e-01
2.802747923230568539e-01	1.484501479260777801e+00	-6.726151846627348441e-01
3.141284941901441585e-01	1.684276693265162717e+00	7.524300575190672191e-01
5.899449886914277796e-02	1.009000971786108147e+00	-8.946710139748708102e-01
1.579723926685558943e-01	1.456237502350843371e+00	-1.885138644733123536e+00
2.040390747794901261e-02	7.617011620076006295e-01	-7.382630153290816732e-01
1.702151038326008003e-02	1.406092589479729149e+00	-1.561231085809416719e+00
1.727494494817091719e-02	5.674820487805861680e-01	-2.338476133273114765e+00
-2.102487438484243465e-02	9.647314418107617584e-01	-1.433726472263842755e+00
1.025478916554087155e-01	7.580029130650438596e-01	-2.410785701263626013e+00
3.868499585565717824e-01	8.677731880055190583e-01	-2.019076977899365577e+00
2.601017601065633289e-02	1.065990006773414489e+00	-1.336599668103557459e+00
1.470962764440600368e-01	1.247173806422709808e+00	-5.207971918326522065e+00
1.095250720250386112e-01	1.485083589216086519e+00	-2.288667459059936959e+00
1.946475560498524549e-01	1.743305045488544591e+00	-1.621136860175318883e+00
2.600873985051511683e-01	7.866792664946308244e-01	-2.248125592275781237e+00
2.932131804778891349e-01	1.181519182358998998e+00	-8.353780581582297415e-01
2.618601011937565781e-01	1.271157488184946338e+00	-2.120985858779035116e+00
2.153826148870219837e-01	1.024537787324937499e+00	-1.095628661455836594e+00
1.258504562296390017e-01	1.377808576832514564e+00	-2.107635632336542830e+00
1.708297222377595792e-01	1.197703372839268088e+00	-1.368519038996377057e+00
1.730943159059822323e-01	1.668062170536148248e+00	-1.376769634872825554e+00
2.342165517197457858e-01	1.055583626930751473e+00	-1.459813867327625969e+00
7.831556191290256486e-02	1.498468710093528333e+00	-2.744404517400380605e+00
1.414539492126182518e-01	9.124516773771003120e-01	-3.538256800026709392e+00
4.088794239762860716e-01	1.069681891645777094e+00	-1.810150829084303581e+00
3.680901450485984938e-01	9.393860712682302605e-01	-4.481650746539397545e+00
3.005518754418445848e-01	6.006140597158763361e-01	-3.605902315868293684e+00
3.328615738547562319e-01	9.347957901687168336e-01	-2.110220840058788738e+00
2.408388785343779648e-01	8.149034527985973275e-01	-3.243862403099942782e+00
3.571612921637156157e-01	8.858085408059546140e-01	-3.230683061936196143e+00
3.350902412785080053e-01	1.118520335386195663e+00	-3.893783377719954863e+00
4.741538950597350421e-01	9.193711687794945409e-01	-3.686541045476327216e+00
2.390251323409359752e-01	4.973037301910375185e-01	-3.748839493512865939e+00
9.194280921450967425e-02	6.637440952370597946e-01	-3.032655626364316515e+00
2.071416103944234144e-01	1.052520978394844153e+00	-1.735123482227955760e+00
1.782809526611696394e-01	8.797366273687703409e-01	-3.515684378626047657e+00
1.532020166918008630e-01	1.830953029889936801e-01	-4.455211660728748413e+00
3.470947608385963612e-01	6.509912913082052111e-01	-3.627646527330299797e+00
2.793730084340422248e-01	3.170484343053389109e-01	-2.740788406905501962e+00
1.352998140895591839e-01	6.213492267347500153e-01	-1.995252342755882369e+00
4.693933775667997743e-01	9.098294270622657720e-01	-1.986172830347652241e+00
3.224316646536092290e-01	2.178001359560595707e-01	-4.151377522171127765e+00
3.407761214193844035e-01	5.337755504935994821e-01	-1.821522474452744289e+00
3.968158648853474246e-01	6.891729056695951039e-01	-2.642919651999859454e+00
2.966028308466186481e-01	9.428116783759543651e-01	-3.763387755427377801e+00
2.382281787180972055e-01	3.961561297520543867e-01	-3.904002828302651995e+00
3.970791577320512689e-01	8.883580303316476190e-01	-4.350150294675366958e+00
4.300079328002701651e-01	1.280205473822239037e-01	-3.586998935259517296e+00
4.610017782796708152e-01	3.419268572859357480e-01	-3.216807242579879045e+00
2.801462056826273250e-01	2.612660327675224714e-01	-1.821825486468671595e+00
3.759863414242075041e-01	4.847058759542575701e-01	-3.178296514068795542e+00
1.870173856320077876e-01	2.489920419730395074e-01	-3.095976783783533470e+00
3.378794381753900677e-01	3.436665189875207638e-01	-3.786418514761062060e+00
3.667514676923914196e-01	-8.976031817337737362e-02	-3.394066378643023629e+00
3.818888740095599532e-01	4.587740204433142788e-01	-2.436055180191821989e+00
4.494131643678658250e-01	3.314009894145136803e-01	-3.626873075644383881e+00
6.565383303050917885e-01	8.308619146587116200e-01	-3.570411762249585230e+00
2.953654255738070722e-01	7.384082738181894090e-01	-4.922925359249436639e+00
4.879334958122549248e-01	-1.910613525204225560e-01	-4.291310751027053172e+00
4.584961988792286558e-01	1.406655756605487417e-01	-3.831631203140827946e+00
2.872628162952163278e-01	6.114329372111906302e-01	-3.967772750425599071e+00
4.642568885459933958e-01	-9.001090795563881919e-03	-3.123003355742061782e+00
3.149822150886244509e-01	3.342074568642999233e-01	-2.519000885836462977e+00
4.789715570765115671e-01	1.763926634273747518e-01	-3.338049670954757353e+00
3.455057766356839366e-01	-4.388665251894363628e-01	-4.100258754447542842e+00
3.798875445604062429e-01	1.274034437237182016e-01	-3.159012916813993321e+00
2.525665066132642411e-01	6.835280901628872918e-01	-2.965667870933626826e+00
4.161128990169842279e-01	-8.741091172674722576e-02	-4.024445154905667899e+00
3.746464668179947388e-01	-3.267900996601118546e-01	-4.123825581675339080e+00
4.229052392922585391e-01	4.956009075223546390e-01	-3.234525672109534788e+00
5.566232786956608614e-01	1.080252774422271744e-02	-3.081928017139421883e+00
3.273706302209891672e-01	5.758930883236925702e-01	-3.454376134843615276e+00
3.310800952975653799e-01	2.728327787431323315e-01	-5.229642979529112168e+00
6.389223791485111326e-01	2.563792836273177667e-01	-3.982559843234141361e+00
4.431559568762026835e-01	-1.497946805918091151e-01	-5.235429447128032265e+00
4.319231293738870492e-01	-2.434090449753211483e-01	-2.701692743122008356e+00
3.256567920466058585e-01	-3.340522573060008549e-01	-4.732080829890477958e+00
4.032503479755852882e-01	-6.193238486284912137e-01	-5.418342696573670736e+00
5.424117226585888352e-01	1.466379490571366809e-02	-5.122383514077315070e+00
3.671784325009733729e-01	2.961776735473481414e-01	-3.975099688193720837e+00
3.206096341893180379e-01	2.344495818796419329e-01	-4.492171770517085605e+00
2.682124439193296350e-01	-4.551144408739733471e-01	-1.492241512807176651e+00
2.778798874972395749e-01	-2.087795264961130326e-01	-6.343722878540175358e+00
4.877628372600134044e-01	-5.085951148289059587e-01	-5.526493389941123269e+00
6.029510930145101089e-01	1.019923072255624896e-01	-5.111256329942765575e+00
3.626602706391566788e-01	-4.900914527225180839e-01	-1.440990107099461515e+00
5.429561460335105005e-01	-2.917478437834495897e-01	-4.477866256674217560e+00
2.129511586458464889e-01	-2.673624326648355032e-01	-4.187243628771589954e+00
3.103275163196381192e-01	-3.375735626887080287e-01	-4.099454408924848359e+00
5.684206902504739256e-01	3.729821832596794118e-02	-4.365962369079331218e+00
4.272679162085351590e-01	1.535987828795264409e-01	-5.353165127481359420e+00
2.449502247000838462e-01	-8.305806929089437629e-01	-4.782298413678242710e+00
4.029385821053479977e-01	-2.060273154978838339e-01	-4.013813616533822071e+00
3.358955965610582184e-01	-5.098570323278711625e-01	-2.993849189449961035e+00
5.108762940190939572e-01	-4.838956355673967313e-01	-2.349578677325734333e+00
2.984561683861643444e-01	-5.263344585924069063e-01	-4.137781647812748709e+00
4.454941324424012139e-01	-7.767933355378968674e-01	-2.308274712586920074e+00
3.780369209485679449e-01	-3.057030425886218539e-01	-3.745548259095593746e+00
3.759998754647045360e-01	-3.551822732864524101e-01	-3.669772948686370828e+00
3.496692211803390515e-01	-2.535034692049442651e-01	-4.393501893526231328e+00
3.992430192600623373e-01	-4.575714451246965520e-01	-4.466936347865937407e+00
4.047983328035802408e-01	-8.109506366258609766e-01	-3.095603711803938118e+00
4.820112071555274769e-01	-3.919590837347717294e-01	-3.411091956937080116e+00
3.909362710365065219e-01	-2.141065260488785871e-01	-3.373471204654416411e+00
2.379169349241984088e-01	-3.019902580426268024e-01	-4.417515958978905033e+00
1.682070465993034947e-01	-4.045411071259013558e-01	-4.305062455237386843e+00
3.955931387303984748e-01	-1.183398807303771560e+00	-4.559122264407175606e+00
5.271605438586003389e-01	-1.002053496996300419e+00	-3.169132760931298254e+00
3.966384679557370951e-01	-4.516361149048367940e-01	-2.133003535534099715e+00
4.495049502901230509e-01	-2.839429109978734989e-01	-3.016299715257197978e+00
6.629268124742901946e-01	-5.995140422743681086e-01	-2.570763491565163150e+00
2.994846042405492348e-01	-1.128864842383559886e+00	-2.216155981271353159e+00
3.744867899889506302e-01	4.238937242735163480e-03	-1.117595759767794350e+00
3.732938840622513910e-01	-8.869294014769908419e-01	-2.384643924504801227e+00
3.942349582104276440e-01	-9.410568220494079927e-01	-2.358855649718764713e+00
2.898419500526268622e-01	-6.340035486239521401e-01	-2.124543173285818209e+00
3.778872802032184341e-01	-1.615254570399429213e-01	-2.832036007615383877e+00
3.875120888461401347e-01	-1.112612165662545838e+00	-2.320689480080868172e+00
4.259343734985743257e-01	-8.775400990264076162e-01	-2.316668475410947448e+00
4.185163926131578171e-01	-7.308783687873651180e-01	-2.254681564518481451e+00
3.310074898106878383e-01	-1.062967601741431345e+00	-2.581704878317896856e+00
1.917336219009853626e-01	-5.677475801823868018e-01	-2.027433630294912525e+00
4.573770176255610442e-01	-5.535999895389918102e-01	-2.077849764974020630e+00
2.760394079606832696e-01	-7.089371792764127544e-01	-2.929729637838112133e+00
4.408028531709819453e-01	-1.101822810131047436e+00	-2.824121023461967361e+00
1.833956131324299965e-01	-8.883675747150308055e-01	-3.551819268602219193e+00
2.009984933120829709e-01	-1.306457494550690157e+00	-2.013146999501017831e+00
8.266388032929675167e-02	-4.258380891504759402e-01	-1.931000720618438304e+00
1.202453777872461715e-01	-1.058277265856566007e+00	-2.581430538001582953e+00
1.925899427149839471e-01	-6.907947379948318201e-01	-2.589068090755813234e+00
4.050952362580406141e-01	-1.290368696760835432e+00	-3.966041120056156721e+00
3.460050303622768109e-01	-9.009964125088008036e-01	-2.415934836222535687e+00
2.841681145936676978e-01	-9.868811493552560599e-01	-1.516407181779081625e+00
3.613196645570748711e-01	-1.371600742839761633e+00	-3.022962963788690338e+00
3.008673053660407826e-01	-8.163027518469616606e-01	-2.912245937103447702e+00
3.016722381141591081e-01	-5.901964903461088818e-01	-1.859025779523085120e+00
1.989665868216253519e-01	-1.065673404499049237e+00	-3.176843987642323786e-01
4.170727224880330652e-01	-1.069368879199829259e+00	-2.535641211946648710e+00
2.562610990382898080e-01	-2.660962390468653016e-01	-1.319031159530984487e+00
1.276020968708786174e-01	-5.016176941132126643e-01	-2.489573345693812723e+00
3.754423581224611839e-01	-8.708963023032201267e-01	-1.419148063694023687e+00
2.223500121580087030e-01	-1.700948669755463660e+00	-1.269979591206063407e+00
3.027865816174618030e-01	-1.203091917130428179e+00	-1.338074070008547167e+00
3.174306221227365943e-01	-6.398843499999625761e-01	-1.417491115357293552e+00
2.755885448847518737e-01	-1.292015651382248276e+00	-1.466362790603324306e+00
1.311374524760974825e-01	-9.909162840587161236e-01	-1.245605446484074008e+00
2.801468234014194425e-01	-1.150046641239634848e+00	-9.907861312680674715e-01
1.833272558492609894e-01	-9.316506419461041411e-01	-3.642729330347185268e-01
2.651709714263208451e-01	-6.290702995153624189e-01	-3.526022537925175282e+00
2.345715143111547496e-01	-1.048375887729286582e+00	-5.754682118912958222e-01
8.272409946712395989e-02	-1.365033609759128908e+00	-2.454009829229905737e+00
2.149304973765761573e-01	-1.311732471962230306e+00	-6.535627631086955436e-01
1.935417602221061184e-01	-3.360108387477561687e-01	-1.519155618292705512e+00
1.722605897909328942e-01	-1.523975394656657212e+00	2.656208127969357236e-01
1.993059302164900404e-01	-4.119759427219669146e-01	-2.821598445354765339e+00
1.930588213792011620e-01	-7.697206291832133784e-01	1.534749474247814049e+00
1.069520409360524976e-01	-1.210207311650377759e+00	-9.072031033374746700e-01
5.804549397220196139e-02	-1.153363810922636734e+00	1.567798600185592584e-01
1.727414432090074725e-01	-1.055559409807032445e+00	-1.053436559642742187e+00
-4.482304556609301160e-02	-1.105533278206845438e+00	-1.844671584055434188e+00
1.726129992063419327e-01	-1.198803851566630829e+00	1.621144677944289736e+00
4.442328254586722092e-03	-6.653337681413959981e-01	-4.561996766190550834e-01
6.264827286506627346e-02	-4.920655942111070713e-01	-2.618274396850470254e+00
1.040794827045528059e-01	-1.295538001799299677e+00	-5.471282123359957339e-01
-2.228493766272766907e-02	-7.784233874709188816e-01	-6.445640087914868976e-01
1.281696288878127477e-01	-1.137356263155264502e+00	1.433255646452348042e+00
1.779470410380477874e-02	-8.404026875853950473e-01	1.895800547201492714e-01
2.080568611035735482e-01	-9.942374933821901406e-01	-1.103051949585925895e+00
-1.636497942136009298e-01	-1.135145771331846687e+00	6.120606414637758119e-01
-1.302826547760218556e-01	-1.111420063742244668e+00	8.971345178291234568e-02
4.197173023922826096e-02	-8.573538064314326634e-01	1.638478580203048596e+00
1.242652525880210690e-01	-6.687765000671045401e-01	-4.250560367238623849e-01
1.204614282544041182e-01	-1.317359077665133826e+00	-2.536598641078764427e-01
1.186868758822531011e-01	-1.050850967009322456e+00	-6.804034383981538703e-01
-5.141783862317482467e-02	-8.803140823377912927e-01	1.139009218627338837e+00
6.466099026574716191e-02	-1.357875949014773376e+00	-4.866231220969104432e-01
1.405228121836823718e-01	-1.301788377994611112e+00	-6.946972149047870859e-01
2.124763800843335049e-01	-7.355590566980312328e-01	1.781325554638661268e+00
-6.570636894232376179e-02	-1.401798882694336390e+00	-1.138838239362322202e+00
-8.420190361874653473e-02	-1.083582672804335845e+00	-1.718612308835626434e-02
9.543011056486366828e-02	-6.241863387711896749e-01	1.695546748217371669e-01
-1.234709894642091882e-01	-1.122677102286236961e+00	9.291371439047588776e-01
-1.491493976363864049e-01	-9.147074258035193806e-01	3.187073189490035041e-01
-8.424088055336272085e-02	-1.388450572141959549e+00	1.265463475875147736e+00
-2.227969893478730645e-01	-1.202819718603168386e+00	2.181706520629778545e+00
4.930779184097629220e-02	-1.022081877656203064e+00	-8.826545331098276659e-01
5.659178750186479728e-03	-3.767339069859866330e-01	2.266079502165256443e+00
-1.398953542037521813e-01	-8.673492944715888164e-01	1.828754831499504796e+00
1.118966870390374069e-01	-7.390987659375185537e-01	1.064698312718766360e+00
-3.328730666998735988e-03	-1.660234223166460410e+00	7.293305756257169037e-01
6.041453980467029194e-02	-8.385244156637858826e-01	2.737189697633291452e+00
-1.408353674014341528e-01	-9.340910803400133133e-01	5.869261906242487781e-01
-2.809103638621726073e-01	-1.650723050059735186e+00	1.524219775178384140e+00
1.397700163619534641e-01	-6.486984127412296353e-01	5.262217324406646135e-01
-7.054838587729120314e-02	-1.148866099623542247e+00	1.615066891903047086e+00
5.309399949819301745e-02	-1.178061717053706881e+00	1.327261650486444511e+00
-1.373508907018393121e-01	-1.049471242577600716e+00	1.111761238304602939e+00
-4.322003142788390789e-02	-1.148913642870309504e+00	3.058335168515809777e+00
-1.232252186838315444e-01	-1.401572734540813325e+00	1.060514860026728901e+00
8.721960136206091674e-02	-7.285390426782338835e-01	5.668973477910586034e-01
-1.499014676835136173e-01	-1.411987489124286066e+00	-5.883953418607759112e-01
-4.142267756844970894e-02	-5.691751967172831161e-01	1.025334240990585233e+00
-2.647857223366138768e-02	-7.366847443811465057e-01	7.762228706353753171e-01
-1.393946069562850276e-01	-4.227372059047027619e-01	4.615086663932114419e+00
-1.527351955712866749e-01	-1.223513128580258735e+00	1.843413263915704370e+00
-3.589498618908117111e-02	-5.165889590685424082e-01	2.262424352244419623e+00
-1.697409352503876645e-01	-4.076122021863870515e-01	2.013781431364813912e+00
-7.514750802779722461e-02	-9.782924444096027239e-01	7.712628583381594405e-01
-2.317190489783874652e-01	-9.001759031804498212e-01	1.391368779238212783e+00
-1.280771490631578968e-01	-6.642146955967211941e-01	2.058429937036881263e+00
-3.388548126583568187e-01	-1.240882228604635262e+00	1.897815526057889945e+00
-1.692117004534826885e-01	-5.226078062092398557e-01	2.702626146910831029e+00
-7.608721385906141998e-02	-9.402680056982181123e-01	1.424224062049592732e-01
-1.956116762332005543e-01	-1.735311978118160514e+00	1.865476146296491944e+00
8.168004245049931278e-03	-1.100834974980117398e+00	2.326870471191570644e+00
-3.545355867206211875e-01	-1.458320541023788275e+00	2.259924053941312572e+00
-2.114996962125992308e-01	-9.660792568602303287e-01	1.910336053539751777e+00
-1.533851897731645930e-01	-5.945805526394714047e-01	1.719914814337047737e+00
-3.041771976061276028e-01	-1.470609094732228783e+00	2.083999184528059434e+00
-2.508377030927761986e-01	-7.361300369290059153e-01	1.993265889518842870e+00
-2.514564012130517390e-01	-1.066682416420507762e+00	1.521159475068097677e+00
-2.575998209653097559e-01	-6.547083844628412974e-01	1.860476282293255901e+00
-2.383167977582476005e-01	-4.595347995681418052e-01	2.836574469620299244e+00
-2.770817214099055015e-01	-2.317923173039854179e-01	2.448879896526192645e+00
-3.097863109069553533e-01	-8.331372017283844578e-01	1.353086035300441026e+00
-4.534249358876835112e-01	-4.801762701752065321e-01	9.664935557829792412e-01
-2.746910921832332320e-01	-4.468704044817909393e-01	2.598169975910501250e+00
-2.112341019618100280e-01	-6.592383958204178773e-01	1.756721360181169311e+00
1.826830738158440604e-01	-5.549445419393170820e-01	3.309033759732033619e+00
-2.384861038009598588e-01	-1.171484377911153008e+00	2.826471074447287624e+00
-1.585447073796311113e-01	-3.834060497052223515e-01	4.010489934402819756e+00
-2.973362764504213773e-01	-1.080604468606098933e+00	1.990894589291057670e+00
-5.040178099470765671e-02	-9.749876375839583442e-01	1.415899903405528182e+00
-3.237392544852276677e-01	-8.362382446750991072e-01	1.162843804996246622e+00
-2.251520070182041755e-01	-7.299705585479223657e-01	6.111223865327057858e-01
-1.637168156202136182e-01	-5.124055729398446779e-01	3.343147224110355697e+00
-1.036227593004755421e-01	-2.996479293840008107e-01	2.867210656978381511e+00
-1.569170653601937859e-01	-6.898014454625999159e-01	1.753726967770289802e+00
-3.854487850298797258e-01	-3.575029931645476999e-01	2.700896804242070903e+00
-1.412262986494381700e-01	-4.019435042186321194e-01	2.254499206645242282e+00
-8.738911063346954666e-02	-4.067259965288378964e-01	4.644235705187368168e+00
-3.606500562652673603e-01	-5.280189910812991272e-01	3.738065493880879053e+00
-3.041192944810171550e-01	-3.999228957915084148e-01	3.042031818041661673e+00
-4.807163067187748551e-01	-6.800789530125626037e-01	1.020637709946962568e+00
-2.714163117306432338e-01	-7.620963492876046130e-01	1.368665767266112887e+00
-2.574825900265979017e-01	-4.008316605913829767e-01	2.205062621394948685e+00
-3.887440435625267865e-01	-8.984904420882449116e-01	3.105546416937765564e+00
-1.310490942570515516e-01	1.613742108135867159e-01	3.996506729972606919e+00
-2.847412708034153250e-01	-1.249738424006282322e+00	3.564914287537089166e+00
-4.957770599443210857e-01	-4.992137551355074199e-01	4.966407829870759905e+00
-4.379606085438220164e-01	-8.807183688156774437e-01	6.988199847760991901e-01
-3.097096732205666947e-01	-6.059423172609300634e-01	5.031153398185583825e+00
-1.929250095809013632e-01	-8.278209881745067777e-01	3.686687227573188785e+00
-1.780145727600372652e-01	2.046074031097928625e-01	2.882390458007322742e+00
-3.470035340222600850e-01	1.223282130570720883e-01	3.006108250582339547e+00
-5.696187260463577706e-01	-4.715103030974194254e-01	4.485809250711579210e+00
-2.630323986799275593e-01	-1.799684435631148383e-01	4.234926547484136883e+00
-2.476604793890300193e-01	-4.171671287583117449e-02	4.082389290258960912e+00
-5.289299860702583178e-01	-3.666192194284128014e-01	3.459773586953724944e+00
-4.592892978291360784e-01	-3.315601768295493579e-01	2.699784943311447361e+00
-4.067382523931993843e-01	-2.296114944026654558e-01	4.541321327614712189e+00
-2.848208722928047831e-01	-1.291706859822368547e-01	3.122148944040547658e+00
-2.857879117931279578e-01	-1.475553198637527541e-01	8.209665687546912061e-01
-4.542997495603947056e-01	-8.202705291947287591e-02	2.530975323480068262e+00
-1.310922950799785769e-01	-3.771670354661653124e-01	2.309652169455983728e+00
-1.971524877441323265e-01	-4.163783744325990632e-01	3.949450515814947771e+00
-2.918227274167159435e-01	-2.692863995131284383e-01	3.725338814885174266e+00
-5.164553512397151991e-01	6.038577455114424453e-02	1.641246797964903248e+00
-1.918732065610273818e-01	-4.533392855892488527e-01	1.849275345774421764e+00
-4.014633806523721371e-01	6.174174553419539691e-02	1.941420369517438793e+00
-2.899613247095489954e-01	-1.907184607903576190e-01	3.872501185928547418e+00
-4.507188500860598301e-01	-5.549681497079286263e-01	2.865875522386289731e+00
-3.028065032740033247e-01	-7.337512715330802848e-01	2.967777152378522576e+00
-3.805762403103750136e-01	5.672584371263770242e-01	3.458618746446062708e+00
-2.524751845965039210e-01	-5.999684477028884716e-02	3.923430277713221503e+00
-3.399476426728559875e-01	3.041978327639187629e-01	3.568516162014138349e+00
-2.843008147451085987e-01	-5.167717368165215541e-01	5.857059569860982862e+00
-2.420745720260327749e-01	-4.903161889635381798e-01	2.777470787102762628e+00
-2.817899864931460163e-01	-3.686055097834596839e-01	2.983140447148140861e+00
-2.427489449608097039e-01	7.575763870218260587e-02	4.678544583126385881e+00
-5.026276445767565715e-01	2.547841851497947840e-01	2.753702354442280065e+00
-3.948217135934306565e-01	4.125245802973488418e-01	4.051402659488443803e+00
-5.149900146687866886e-01	-1.220894248195686649e-01	2.656921612223894336e+00
-4.300073109242292801e-01	-6.823835611437360782e-02	3.117121862464107274e+00
-4.093411886656511123e-01	-2.936539349417950362e-01	3.711413412421243230e+00
-2.270167946594386366e-01	4.696805511856680937e-01	3.247424542902706435e+00
-1.895005790687291081e-01	-2.137306844456519361e-01	4.162404672703369002e+00
-3.717958984554191604e-01	-1.008122101019200134e-01	3.386900452997238631e+00
-5.256454998530326606e-01	-8.458247106211108646e-02	4.369105116632439056e+00
-3.078737074245047611e-01	1.918236359491683474e-01	5.794057623743483987e+00
-3.976575714031199693e-01	-5.337982323452561406e-03	3.068213027971812501e+00
-2.012422713927571327e-01	5.083665528948899670e-01	3.622259373005341399e+00
-1.373917425131119530e-01	2.986930079933624027e-01	8.579508236343529326e-01
-4.339459626899235811e-01	7.687802177401078518e-01	2.181342886016139904e+00
-4.262742623982926915e-01	-2.300393803816640492e-01	2.987967020072796576e+00
-3.651732993306330277e-01	-7.804426455150664799e-02	5.048992203434535142e+00
-3.000638094746206908e-01	2.266839916992848813e-01	4.249107803914418113e+00
-3.173079548261291127e-01	1.140977204867033024e-02	3.720293792077377759e+00
-2.360718481631092769e-01	5.225546897980165584e-01	2.787156663704468684e+00
-2.522940358625506141e-01	8.911700616180836532e-01	3.882665907465980837e+00
-2.985489585849639416e-01	9.087707639203961296e-01	2.763565746753031682e+00
-3.374838369075228162e-01	2.298838436147553344e-01	3.250520504771125196e+00
-1.067368966039935474e-01	3.703673376280643414e-01	3.099391662638749878e+00
-3.316064368731643786e-01	-3.120591156356093965e-01	1.742792527972278904e+00
-1.646324908044322077e-01	5.176854936019928966e-01	2.081666246235435835e+00
-3.956918198793525354e-01	9.449732316943935118e-01	2.310916384841018800e+00
-1.451339483037691613e-01	-3.311359310451983395e-02	2.372107936963324448e+00
-1.519755172345448047e-01	7.269095990438909638e-01	3.536374192605638900e+00
-4.119025658370257803e-01	7.630795304904769427e-01	1.333379883266254895e+00
-2.611030721905900354e-01	3.658145767454461517e-01	1.770590763023951908e+00
-1.828568558031387348e-01	2.176215496799355220e-02	3.728274149733577403e+00
-4.162439619822917991e-01	8.700187073880758515e-01	3.087686827962415226e+00
-2.458574270760473524e-01	7.576406933267043620e-01	3.563963052497366224e+00
-2.665233019982242713e-01	1.130950617012192794e+00	2.739480925461175609e+00
-2.346472239942325455e-01	2.917027325131916760e-01	5.501275464757169331e+00
-1.859374135110830606e-01	6.491070542549735034e-01	3.175199282964615843e+00
-4.203263481506069321e-01	6.709435098326756997e-01	2.492033455592541191e+00
-2.023371313473396604e-01	1.091281749744958507e+00	1.735381934263451775e+00
-1.025962882793268749e-01	1.516114823536443001e+00	8.707475765659931088e-01
-3.254437866919408506e-01	6.892215986757325163e-01	3.019136043936747615e+00
-2.853360149315947725e-01	4.952843722390142256e-01	1.927980216409893810e+00
-3.861412800737025752e-01	1.008258963593588131e+00	1.710051295858431075e+00
-5.662135482647545626e-02	8.458390895790774966e-01	1.385421496462358792e+00
-2.669162816606473476e-01	3.979252893161500104e-01	3.039659935020734061e+00
-3.632242726160148649e-01	5.546133674110752532e-01	2.019156964672698784e+00
-2.486124566203587460e-02	1.131160677239532397e+00	1.935758381255595406e+00
-3.083685364392728667e-01	6.639738830547310400e-01	2.874827099053653079e+00
-4.114922427219981360e-01	7.752222883400177178e-01	4.276614603928563518e-01
-3.880280429903912309e-01	4.115816265196957646e-01	1.465317441507875573e+00
-1.872869534195223118e-01	9.157819053867368719e-01	1.788256329555901969e+00
-5.015445769322233183e-01	2.749231089369651437e-01	8.829323342717838585e-01
-3.028116825316168881e-01	1.319236634542823694e+00	1.067604911607790363e+00
-2.437336673662556796e-01	7.870311962302775077e-01	2.023762142031313882e+00
-2.884586487199792271e-01	1.095049138124700283e+00	2.049141606178148667e+00
-1.091240463083658074e-01	9.927857032070990240e-01	1.432231203205445169e+00
-1.681560617743222963e-01	1.098581727837580457e+00	4.977953399232688536e-01
-1.199618647048896619e-01	8.032944793876213296e-01	1.329835653904184012e+00
-1.942562179817421963e-01	9.085408903080974818e-01	3.238960456810340283e+00
-3.255702299784720699e-01	8.079470844738738666e-01	1.578575186975593736e+00
-2.519275814762952370e-01	5.243017220744613516e-01	2.080909559493167915e+00
1.798636974779746489e-02	5.147272719524635942e-01	3.046812897163748701e+00
-1.554087631785674994e-02	1.098639125579158993e+00	1.653010458702990126e+00
-3.301613000527576780e-01	9.932448909191040620e-01	2.075269761032902949e-01
-1.951941515970115060e-01	8.027448113106616656e-01	3.360628741218048887e+00
-3.164488706751511504e-01	1.079062284203116784e+00	1.088023715708650307e-01
-2.090349542542512817e-01	8.276343381785418174e-01	2.407920648964555710e+00
-2.272119955780745326e-01	6.194624361085747655e-01	2.413280405904483672e+00
-2.031873455109262649e-01	8.595100806532137705e-01	1.716569450022569887e+00
3.882377237109543855e-02	9.747547549256161403e-01	2.803229846484880383e+00
-3.615210907853631805e-02	8.162791643859195201e-01	1.448765776595524413e+00
-3.001079672523383479e-01	9.325422535302273497e-01	2.567034545110397303e+00
-2.320243387224243947e-02	1.143203550015781556e+00	3.079605013524966406e-01
-9.712515545182215382e-02	1.065814774614971983e+00	1.377783984935960770e+00
-8.981574642733146374e-02	4.863894623446034515e-01	1.417499302176678855e+00
-2.615436030577185655e-01	6.519637785192191615e-01	-6.725378999019637760e-02
2.367634332973278521e-02	1.025737903386635175e+00	2.004863800139192964e+00
3.839119532082294062e-02	7.188919122898923542e-01	1.327327292347594723e+00
-8.985361967273994277e-02	7.731550431172874438e-01	-4.178993774723935850e-01
-8.714723798768170271e-02	7.499391868761533519e-01	1.420685230280195777e+00
-1.713131502147256513e-01	5.282274018047135034e-01	1.450803787606099071e+00
-1.142431238802768534e-01	8.920964892169445104e-01	8.785163231872181733e-01
-8.175497536575523916e-02	6.871215104687790065e-01	1.234801088922364620e+00
-9.613784754302409641e-02	9.016374183099575834e-01	-9.093416964230394139e-02
-1.281596639105953561e-01	1.557193562550407862e+00	1.123970753804676592e+00
-6.205556723702550931e-02	1.149829428429999023e+00	1.984195762156627518e-01
1.357803798399428441e-01	9.129351028172483229e-01	1.979206516296222462e+00
-2.187276221102692486e-01	1.214777577297684319e+00	7.360555549390583874e-01
3.421006084817879156e-02	7.018662696996769146e-01	-4.264305922767180901e-01
4.715457059176174359e-02	1.243578800375385152e+00	1.118151479698632045e+00
-1.551586023826210525e-01	8.048198691183350295e-01	1.355459522917247028e+00
-1.469252849542714845e-01	7.805571422453935204e-01	4.483744058109595532e-02
-5.546440060495354957e-02	8.108214868276210074e-01	4.609147117206846000e-01
2.293945724977509981e-02	1.051443543660627977e+00	-7.354022111317914945e-01
-1.937520437072137169e-01	1.075868651218863548e+00	1.380831120359551134e+00
-1.443042407769132840e-01	9.204841952459003052e-01	-5.668782495887818573e-01
2.278062168796392284e-02	1.042614716759251658e+00	-4.146185870427666842e+00
-7.064361052849507661e-03	1.182971950439716924e+00	8.381471894148852242e-02
-8.253002595489636328e-02	1.228581512185610070e+00	1.103709936686121384e+00
-1.425856106325451567e-01	8.986048576512175590e-01	3.141941738185372035e-01
2.216593144966353540e-02	9.075536565621141749e-01	1.546774544609846647e+00
2.234456856166145561e-02	4.832321598065523194e-01	-2.962668759795783480e-01
-4.896873283729789167e-02	7.951511546910517980e-01	2.398410973885060082e-01
-1.385351379425814045e-01	6.288014640824817203e-01	-1.605598746695751533e+00
1.066178968648796022e-01	1.414291334651883281e+00	1.835180648112119783e+00
1.086464032554134915e-02	1.601247860406163070e+00	1.040757330652862800e-01
-1.096804365429596279e-01	6.100212925553161192e-01	-1.430715079228261910e-01
-7.665411270954143597e-02	8.155080986950917765e-01	-1.647104822787034129e-01
7.352410272913624534e-02	1.498897791937910950e+00	1.981621935707416515e+00
-1.090374774773623240e-02	7.346120130240179069e-01	-9.086612486543463874e-01
1.388684629648071212e-01	9.672133220346447180e-01	-1.299338970458085551e+00
6.396561477603276979e-02	9.844870555353040231e-01	-2.025007576147131783e+00
-1.145659962715399327e-01	1.180146114212754727e+00	1.603334339240670481e+00
2.438987114080978444e-02	1.039292420922329319e+00	-1.641805816293431475e+00
1.502955071397059639e-01	8.038835366788729120e-01	-8.089135593504976907e-01
1.115525584304435935e-01	8.015937032274187413e-01	-1.765914267210368260e+00
1.451043166693479214e-01	4.171023815617593833e-01	-7.326372711225455081e-01
4.671230624556677730e-02	9.226154020667153288e-01	3.238378531648369307e-01
-1.098462626564856992e-02	1.175705730027653884e+00	-2.669372162445323937e+00
4.960532086823399994e-02	7.346040552227275366e-01	-1.877580276828339834e+00
1.163987283404260137e-02	5.176099738828815466e-01	2.668228964148973148e-01
-1.291874311768054506e-01	9.537288028466810452e-01	-9.640542826745868155e-01
1.160569850587004903e-01	8.323074539151806839e-01	-2.270211562849898002e+00
8.851846897123391567e-02	1.209131656773105190e+00	-1.107324292157727763e+00
1.963783852988383871e-01	8.187573477098684105e-01	-1.234343468826863965e-01
1.450525559081312088e-01	3.426877769358579462e-01	-2.129771186119405080e+00
8.407268707797303786e-02	5.530884452366741089e-01	-1.155668701051100200e-01
4.635290133147592501e-02	9.997965509051736088e-01	-9.702416574188904574e-01
1.701177691400328484e-01	7.992858431469882508e-01	-7.994120320533707469e-01
7.857519107763638599e-02	8.766254634733583462e-01	-2.103242873481227182e+00
-2.888605766706335565e-02	3.122169302708891481e-01	-6.405852671857961145e-01
1.752162649548321405e-01	1.558046538025444905e+00	-6.421665905378241002e-01
2.096725293940467083e-02	1.002117821890846638e+00	-2.963937593486818400e+00
-5.889101857599965406e-02	9.103773783187921742e-01	-2.893839691253210944e+00
9.161563089392618653e-02	8.827109961667011229e-01	-1.132673166306708445e+00
2.608324255516254464e-01	1.046052120091566451e+00	1.991711445629507082e-01
1.204318200919269055e-01	6.334369458456813318e-01	-1.407574182935501073e+00
1.039125975734425111e-01	7.987108624229294351e-01	-3.060689972005784298e+00
8.506809227870711088e-02	1.690424127334818616e-01	-2.480321623858722457e+00
2.405574681898332567e-01	1.307004717841532937e+00	-1.412060181884009502e+00
1.022327503170344931e-01	3.993081788963515066e-01	-1.307754819222204157e+00
1.452745259304645542e-01	9.341962676300097357e-01	-4.043548273084518474e-01
1.174398467289809456e-01	9.472179255885007088e-01	-2.730292198502052070e+00
9.209596446791018520e-02	1.347034372148865788e+00	-9.521554534761741406e-01
2.622004500549260375e-02	4.809430953106874629e-01	-1.832723492360864181e+00
3.011932764963554665e-01	3.574435125734561902e-01	-1.392641541975992769e+00
2.112151474597752099e-01	7.980812949261416600e-01	-2.124761591356404633e+00
2.393911554235384487e-01	6.547712208370742859e-01	-2.804363296679702078e+00
2.593178245893111300e-01	5.190255638166818564e-01	-3.672639888751976223e+00
2.951892479602172270e-01	6.710418692077380065e-01	-2.901227664968274667e+00
1.348578880804275348e-01	3.024084538691736990e-01	-1.971875906395107458e+00
1.627774379584820963e-01	3.405234194665236469e-01	-2.038640455624734837e+00
5.115629408859448390e-02	1.014200093645485135e+00	-2.489925024794032993e+00
1.934464453578985110e-01	4.748995242888067736e-01	-2.581129303933729968e+00
4.012501892805234727e-01	7.216141993844811253e-01	-1.260409554870816518e+00
1.740101828797947225e-01	3.690781993117707716e-01	-6.659654691368155355e-01
2.829796561361107576e-01	1.865187049662712093e-01	-3.810533882657916038e-01
2.562084776598436142e-01	9.482361964280100475e-02	-3.551006119171781883e+00
2.581812353766924639e-01	1.568894047657820590e-02	-2.000528607125219960e+00
3.172103387626617477e-01	6.641029572148015037e-01	-3.719821723153613924e+00
2.781858109044541560e-01	6.350099627356408094e-01	-2.342176910894245179e+00
1.625452297848576921e-01	7.194703768803150101e-01	-2.600980275464042535e+00
1.526106148758266667e-01	7.208848901260025421e-01	-1.732862660566166113e+00
2.702988773704132486e-01	8.738296165385515124e-01	-1.248112497185457137e+00
1.929804254165757849e-01	7.054983380524366687e-01	-2.326577924963126875e+00
2.573751635007885952e-01	2.149367659642829609e-01	-2.274949111939611690e+00
3.828928005307116189e-01	1.045543046411881560e+00	-1.868776233689266819e+00
2.329438482005039002e-02	8.256501221329011209e-01	-2.021442721091856853e+00
6.692125431247283873e-02	2.581614916693052431e-01	-2.301350339176062132e+00
2.496995377734439470e-01	2.462791915914132601e-01	-2.364043391116060100e+00
1.581749407737574054e-01	3.630359164076577549e-01	-7.626287819044159644e-01
3.133372144085099231e-01	7.971337966390783514e-01	-3.032414944393172274e+00
2.555251914074304076e-01	6.147700158447438890e-01	-1.645313599570400243e+00
1.943049459836304060e-01	9.104757215170452556e-01	-1.462039006031816024e+00
4.851541158720086289e-01	-1.513578308532517736e-01	-2.244934035511187087e+00
2.255617504610262780e-01	4.189030361320458806e-01	-3.696405493474641979e+00
3.514374537854841329e-01	6.359500499054484557e-01	-4.877353117267054117e+00
3.631224720236153058e-01	2.841413627767586658e-01	-2.577727375192370829e+00
2.857913611811854770e-01	7.721727945068375121e-01	-2.771731627888986083e+00
2.222744729973939737e-01	4.035247226040988844e-02	-2.902847802364981078e+00
1.898920210213169146e-01	1.086874982959116887e+00	-3.147986685068351775e+00
2.906299106124655141e-01	9.479756800551689122e-02	-3.713350612376521198e+00
3.491723475204093208e-01	1.660034429548847834e-01	-2.905678323779622652e+00
2.052121117318706500e-01	3.905016247164936338e-01	-2.266285332700123778e+00
3.331197635663110668e-01	1.255142871297431351e-01	-3.727922968102940882e+00
2.861172134832885017e-01	2.561913109279767009e-01	-4.109926711786337172e+00
3.419693774256037377e-01	-4.465691397917814220e-01	-3.532023454257401163e+00
2.528878437238891719e-01	3.245773123143206318e-01	-3.330187252143411936e+00
1.620226500655770341e-01	1.241186351650406666e-01	-8.197562326262943788e-01
1.699742146115784669e-01	3.599672817344983788e-01	-1.521909058154612415e+00
1.216415632158935611e-01	2.727819239236936588e-01	-2.539871050032226130e+00
3.056564311295892900e-01	2.290196401278671579e-01	-3.041805766738113093e+00
4.012814512658368638e-01	5.826961949019306142e-02	-2.881076105953155331e+00
2.423524068788497909e-01	5.161636741432704123e-02	-2.093865882192602168e+00
2.182609038944970381e-01	3.540192791522563942e-01	-2.166930825842007469e+00
1.675230626691405489e-01	1.538772094149220004e-01	-3.643556905844385518e+00
2.575703544623035302e-01	7.553165538841330462e-02	-2.297333515308030094e+00
2.427074518940024461e-01	2.522786126062781520e-01	-1.824056930453852754e+00
3.488708303855663218e-01	5.187293375538400836e-02	-2.460229209740440570e+00
7.627529047894987535e-03	7.024977638124201007e-03	-2.439993846717581238e+00
2.779278359165330281e-01	8.540490515113456638e-02	-1.527620995639289214e+00
2.615755407485310657e-01	-4.386295991770398223e-02	-3.416977519138165942e+00
2.857909719442361940e-01	-4.482424536927404612e-01	-2.912120422755041904e+00
3.678448851178452994e-01	3.830134109360723571e-02	-2.080608282103907580e+00
1.222031039730133994e-01	-7.175492626406841656e-02	-3.456531982925397095e+00
3.358299761453565901e-01	-3.071122502942478238e-01	-3.413103710201520258e+00
3.132042475716358965e-01	2.522691818924923113e-01	-2.112627054622682188e+00
3.214363259144316087e-01	-5.090393926142372516e-01	-3.016647963237033547e+00
3.248918959159621811e-01	-3.898021894610544380e-01	-3.030356759549876600e+00
2.307568667309345400e-01	2.081732758686778706e-02	-2.175751765197942333e+00
3.079768050242625010e-01	-3.592513166621824072e-01	-2.673161713275418627e+00
2.159875141583565417e-01	-2.175063208824360439e-01	-3.550032540584732832e+00
2.542359186671430127e-01	-7.088674902893778995e-01	-2.263502643141782400e+00
3.391507209280205659e-01	2.287609903432497038e-02	-1.677393920175456632e+00
2.834147530147990146e-02	-4.214004764482818244e-01	-1.908454449081207205e+00
3.335140129467894510e-01	1.456221384988568013e-02	-3.324859057478869229e+00
1.128972063910169688e-01	-5.558264439134235069e-01	-3.296373392503374689e+00
1.530673142881812665e-01	-6.304993042751836363e-01	-1.979492200657369860e+00
8.242270627461725785e-02	-3.805110421788409081e-01	-1.923500653719826037e+00
1.127264308087396472e-01	-3.493109887478244024e-01	-3.098648828599501304e+00
3.867386622232923399e-01	-5.161620290760946528e-01	-3.279781257749305290e+00
3.813215864601732785e-01	-4.064781824634764451e-01	-2.910368462525898536e+00
3.760599401714226353e-01	-2.971041079561418385e-01	-3.476575679416775255e+00
3.217357244657523818e-01	-2.721520815238787638e-01	-1.888259495880942662e+00
2.545668036053660432e-01	-3.036134404174331003e-01	-1.840137169845655007e+00
2.563315964500992306e-01	-6.285182815147898339e-01	-2.010625069349918359e+00
4.854072041467589749e-01	-4.202184277741968232e-01	-3.247186835981461073e+00
2.851906579709312384e-01	-1.386853810843500512e-01	-2.437015005494335362e+00
3.156184007930112334e-01	-5.889587174247098433e-01	-3.757847044832861361e+00
9.995595004064911082e-02	-5.810199590936891978e-01	-7.321237509498763618e-01
2.141440605797051977e-01	-4.217707860849623791e-01	-4.864215834094414603e+00
8.889574212969478251e-02	-2.914208836095085742e-01	-2.062945554803034209e+00
2.595719489337403596e-01	-7.124928170080208067e-01	-2.754069283220315523e+00
3.586587678215328312e-01	-7.159184116263868081e-01	-2.222146201863356207e+00
2.488369541385373751e-01	4.563062426792642290e-01	-2.833995709183269707e+00
3.577502416990546719e-01	-1.408580778641232989e-01	-4.097203990078861935e+00
3.183133036297684515e-01	-5.847319875776179066e-01	-1.520513820837025687e+00
1.766738055456554268e-01	-3.143013363401448990e-01	-1.660201015010933201e+00
3.411752360671503337e-01	-5.055076353535417066e-01	-1.447982558442468148e+00
2.428331116311276960e-01	2.285983405262808632e-01	-1.607890857991431499e+00
2.361893556541794226e-02	-7.396760322734534654e-01	-2.947201977501918257e+00
3.104206365052861738e-01	-2.326093260168636268e-01	-8.877994358520573392e-01
2.650282046869628094e-01	-4.368915531949128517e-01	-8.683226025016954619e-01
4.506744749243648540e-01	-3.476247308906885158e-01	-1.835538528165624905e+00
4.454373481807591406e-02	-1.475531734023503017e-01	-8.834592736160515880e-01
2.928974444887914586e-01	-4.191045049462112093e-01	-3.070339709454264376e+00
2.388479303704239831e-01	-5.294149108071980470e-01	-1.122398331415102257e+00
1.771177396094704148e-01	-8.281966479642922652e-01	-3.371946996062516799e+00
2.709474674179457865e-01	-8.177871444942343970e-01	-1.773295084481076422e+00
7.135700269631251036e-02	-5.234759958028403215e-01	-1.442064857864521432e+00
2.623585186261696567e-01	-2.966358742886007205e-01	-7.158124058633863473e-01
2.972298474076519037e-01	-1.221981136823130587e+00	-1.316099586051430403e+00
1.350334273096090998e-01	-2.837007938543881225e-01	-1.899225676342717106e+00
2.662505529623705458e-01	-6.032844523262308467e-01	-2.636887561100346833e+00
3.431492248974145065e-01	-4.496589723835170416e-01	-1.387824092865520553e+00
7.706863522793105936e-02	-4.129492903316405172e-01	-1.651304513422583886e+00
5.792019285232846704e-03	-8.355889477359039752e-01	-1.647326103615891268e+00
2.629182081752040601e-01	-3.832934589855623853e-01	-2.573117796108410626e-01
4.396804497947781609e-02	-2.814037817413156395e-01	-1.653969651998563828e+00
1.032931640494933884e-01	-7.120119746143808159e-01	-2.586857683341467151e+00
1.279842059507234064e-01	-4.060830861247748946e-01	-1.114545605595048450e+00
2.069993488153047956e-01	-6.445842632006684170e-01	-4.663153678839093708e-01
2.981852340540440682e-01	-8.152815499563943469e-01	2.464643930459837762e-01
4.833226460157372117e-02	-4.880787412064968578e-01	-1.131218141240810438e+00
2.003683037521846733e-01	-5.645382740281017497e-01	-1.372843249541387145e+00
2.169380798008170297e-01	-6.324321258225586995e-01	-3.789243010214354612e+00
3.386054035418517572e-02	-1.943961508367261226e-01	7.099382165958325608e-01
-1.175698259647672828e-02	-5.116264516161060927e-01	-1.703270093814161834e+00
1.937988803433023377e-01	-7.043674404024004021e-01	-1.529246327955398943e+00
3.248966917767397433e-01	-3.252326361958650658e-01	-7.371323474878096471e-01
4.421280656133574904e-02	-4.117890189808491863e-01	-5.044862202058613132e-01
1.811588156034823205e-01	-7.722625721014927391e-01	-6.360593032636089328e-01
1.283585802348688465e-02	-1.146629149535897341e+00	-2.380141863506027633e+00
3.790992997222117356e-02	-6.896922295759323474e-01	-1.938743557882143698e+00
7.881730566522898718e-02	-7.122209425873993194e-01	-1.999536277330522971e+00
2.465298687071224570e-01	-9.596503375877277753e-01	-5.123907385601167430e-01
1.401158557790121995e-01	-4.914754795553826772e-01	-9.255175760048971467e-01
5.161372234355143807e-02	-6.448903142780406661e-01	-3.061040491329216628e-01
5.438935992158944188e-03	-4.416360181142380270e-01	5.130468073909213444e-01
1.722695199633241525e-01	-7.410888066679669484e-01	-5.565263486841507401e-01
2.533638739472726664e-01	-6.395277078920506009e-01	3.511260322982856508e-01
7.145094534880511161e-02	-8.251999863104632071e-01	-5.915473361095454630e-01
-1.338717882003682969e-02	-4.321999736125260450e-01	-1.856408812867224922e+00
3.514355811433753085e-02	-8.753531701925642006e-01	-7.939336940458500136e-01
2.845135257474049051e-02	-5.539172716724254375e-01	-2.445409168718167159e+00
6.384634449926032684e-02	-1.031980268094002007e+00	-1.540217532576192427e+00
1.051248727093652691e-01	-8.550570898467797498e-01	-1.998528709598812458e-02
2.044651360166694909e-01	-8.140178420571407836e-01	-4.357460159517712595e-01
1.055738723021150405e-02	-9.146689411166673001e-01	4.269654346135943745e-01
8.759672605466767292e-02	-9.224975823671549557e-01	-1.168648445751085507e+00
4.422138891123905680e-02	-1.266991435964897716e+00	3.236318188432141252e-02
3.618083375003772195e-02	-1.210417883279294227e+00	-5.919442008945239309e-01
6.588218819759035505e-02	-1.134856298902496397e+00	-2.121388931681102097e+00
2.211770348389934665e-02	-6.496560456216785573e-01	1.744113684254567365e-01
2.884448043051691946e-03	-1.214892781126550192e+00	-3.521944091083373807e-01
1.790205770081601533e-01	-1.293368133646657814e+00	1.133459011683564333e+00
-1.200207159693556513e-01	-1.054332832595737068e+00	7.290942460108270629e-01
-2.680386593148660346e-01	-1.082008578640015983e+00	-1.821482925651311202e+00
1.196377835159404684e-01	-8.742449871057441646e-01	-1.741737444451288752e+00
1.998299678871196250e-01	-1.161250556560293523e+00	3.663990007343838617e-01
-2.763708522432600789e-04	-9.390441064338654886e-01	-1.558328562503905612e+00
2.481858500157438918e-01	-1.059659445107698161e+00	-1.688907074376842621e+00
1.733409748950403284e-01	-1.072860261751814592e+00	-3.988615300013842457e-01
-3.095862541881794217e-03	-2.848589771723245567e-01	8.621238907185945211e-01
7.791336651567046245e-02	-1.009532272397348773e+00	1.096660299554449658e+00
-9.591570162913817810e-02	-4.645257857653281031e-01	7.242328592144936517e-01
-2.316855018117438408e-02	-9.400532347224127561e-01	1.166605857731250140e+00
6.695779140087239345e-02	-7.846997178242556270e-01	3.494947057798909462e-01
-1.575471032198597771e-02	-6.375338021254048915e-01	-4.219143770700898299e-01
-3.197962614038567936e-02	-9.362195869349902999e-01	1.589846621228183376e-01
-1.195711239449606111e-01	-1.284893364641941815e+00	3.985777963965825843e-01
-3.282288375035432443e-02	-1.347144541227212500e+00	3.761300829826230707e-02
-8.729285160022269563e-02	-1.293836864421774813e+00	-1.880657646794572369e-01
-3.139179346097117212e-02	-8.529201962936066028e-01	-2.057957180819801613e-01
7.439655341680295741e-02	-9.934851048496602388e-01	-7.354452144727878782e-01
-3.686432361235548738e-01	-6.128694352620948083e-01	-1.593752371961113523e-01
-1.644197321049812865e-01	-8.489050491373948404e-01	6.245328269052407011e-01
5.719494728321930510e-02	-9.516115968231957378e-01	2.565822244735502355e+00
7.089817139812375213e-03	-5.002808517534831356e-01	1.232570930438233292e+00
-8.135495704170023212e-02	-4.606179224806325467e-01	1.154011159942784914e+00
6.067848374503052866e-02	-1.041708529060399790e+00	4.641302534127921819e-01
-2.825343729129878995e-02	-1.001533364196885545e+00	1.803611092446590458e+00
-1.966131927175185923e-01	-4.198383330269715996e-01	1.482455171579575293e+00
-4.080252503798829922e-02	-1.077389956218032685e+00	7.938009683236650904e-01
-6.928670546720168411e-02	-7.129333766212468948e-01	4.212402421104666228e-01
7.531775592362219274e-03	-7.461292280054355741e-01	1.183670090327384461e-01
-4.919323473683404058e-02	-4.711639701409562342e-01	2.223052756011589359e+00
-1.144211587752791970e-01	-7.556838283034493786e-01	1.907557575234908542e+00
-1.139740638098608871e-01	-6.762746241421367932e-01	-8.062603795632994341e-02
-2.226256319551868923e-01	-1.150498416638525701e+00	9.609896281313041744e-01
-4.021292575740045838e-02	-4.174533707935104143e-01	2.103849215187598709e+00
-2.648807941228570328e-01	-4.547853727936681523e-01	1.210788818613699025e+00
-2.131625090615231477e-02	-1.457919181220038496e+00	1.768733643121467303e-01
-1.304661400621662248e-01	-3.602903782938117749e-01	2.069239976534476888e+00
-1.246504219451058382e-01	-1.135500684289342477e+00	8.718800278989176089e-01
-8.621493358230937487e-02	-8.024060078801769080e-01	-4.607866817268559956e-01
-2.378796241294556246e-02	-6.847948429843799811e-01	8.079710087796906359e-01
-1.088018313340647913e-01	-7.510993999248677389e-01	1.399025209161278038e+00
-2.067666308434564504e-01	-8.496342537716340404e-01	1.404242896568810295e-01
-6.964272068450109987e-02	-7.003355962204117491e-01	3.062543794031713063e+00
-4.046637016441081425e-01	-9.951513772144099379e-01	1.153933387896753482e+00
1.141234967964079028e-01	-1.062681122133432021e+00	-5.923318945355906529e-01
-1.854776762439048765e-01	-1.012398440096563990e+00	1.617734992467701804e+00
-3.157866823571168213e-01	-6.909654484395506557e-01	4.873502322449303481e-01
1.813671057948899601e-01	-2.612673363010946659e-01	2.510502144260139179e+00
-2.517796484661743439e-01	-6.414686557082128759e-01	1.617785220929713441e+00
-4.388445021048421879e-02	-8.421377340823880120e-01	8.644742097938973302e-02
-2.012614615668900098e-01	-4.711650670362957372e-01	2.008112342462077926e+00
-2.408905007081293403e-01	-4.479214026070258980e-01	2.556442318141431080e+00
-1.585603357821163129e-01	-1.094131768480745670e+00	1.476935975063176087e+00
-2.016912802098115298e-01	-3.543477472302686282e-01	4.822007180074086019e-01
-6.590073084314518326e-02	-7.991856767553621177e-01	1.973332679962749303e-01
-2.208076534422143966e-01	-6.791952377221479598e-01	1.632464896443388991e+00
-1.469802884242858432e-01	-5.196332541496415658e-01	2.299878362281969402e+00
2.839116378602013491e-03	-5.736212871112623679e-01	2.101467676265409867e+00
-2.274345465973214853e-01	-1.075530054483447850e-01	2.905424367604157787e+00
-6.223764700245584813e-02	-2.003421358805180241e-01	1.547315606679962041e+00
-1.230335690108058377e-01	-4.395498043943402156e-01	1.116284149114583624e+00
-1.210405024789726752e-01	-6.921677595990900489e-01	1.213848238416071368e+00
-7.602515615223630341e-02	-9.348537204412712409e-01	3.250592493035635133e+00
-1.626012851102573153e-01	-5.132455942952639516e-01	4.416611504268971977e+00
-3.363149499664772057e-01	-6.009904928814314706e-01	6.348038638099644526e-01
-2.262322204838688733e-01	-6.369126940947631432e-01	6.093198562900343784e-01
-2.198758658959521772e-01	-3.766118150853701163e-01	1.875352233775744004e+00
-3.676934854766072958e-02	-2.817377234155170052e-01	1.917557665689954671e+00
-3.440666013201631457e-01	-9.337164402652992079e-02	1.368384624313533582e+00
-3.278002039624896558e-01	-5.392273252936441441e-01	3.137317655272878980e+00
-3.216547792961196861e-02	-6.105962379170792875e-01	1.357158841894190449e+00
-4.267996742339141836e-01	-3.652604305269758211e-01	3.217904978445740305e+00
-2.133827746868645348e-01	-4.443381042547990267e-01	1.835451342658337648e+00
