angle	angular_velocity	angular_acceleration
5.261253707720928707e-01	6.307559198121850397e-01	-3.835679427784577378e+00
4.901252902494741548e-01	4.647962224440370660e-01	-4.636458577125626590e+00
4.803880063955295876e-01	8.132014016209581087e-01	-3.857791672968690300e+00
4.773913710481160755e-01	6.529641147090523567e-01	-5.111124428585642754e+00
5.861380921259561338e-01	3.367408194469684313e-01	-5.535351886758391515e+00
5.168495695069079687e-01	3.580897321295199998e-01	-5.487442924848457970e+00
4.812131965187868565e-01	3.004245186340646079e-01	-3.523742129419913383e+00
4.503739468539870172e-01	4.875367857951335981e-01	-5.143470930004058417e+00
5.550311174323390162e-01	-2.832878178067033126e-02	-4.910716377202732019e+00
4.798128266130183839e-01	4.273784300678979964e-01	-5.288189256094775637e+00
5.360820164519771724e-01	3.337866288473685938e-01	-4.869248225350655268e+00
5.692591355802121278e-01	-4.906555609871068868e-02	-4.923060073372118595e+00
4.961933169782812847e-01	3.328242012897596469e-01	-4.629790517399114513e+00
5.937264220166839079e-01	3.236902287726587391e-01	-4.752539072260417718e+00
5.422758836803920346e-01	2.075367089965543255e-01	-5.014928770578904960e+00
5.672491271935232726e-01	3.852969423234235691e-02	-4.615116032919130973e+00
5.130957170360087582e-01	1.226076778324185906e-01	-4.823701615865330972e+00
4.987659626631447685e-01	2.618464507616471426e-01	-4.491383914073848516e+00
5.306465630365696518e-01	-2.464133846824395346e-01	-4.558521555254494650e+00
4.488261719559905605e-01	-4.454053982681011742e-02	-4.581675711716814980e+00
4.514965424869973321e-01	-2.471318438203684298e-01	-4.435405732529851264e+00
5.472066986474055650e-01	-4.398007874274729306e-02	-4.456781787831399555e+00
4.249267834912945352e-01	-1.686792303653606995e-01	-5.510715644268113778e+00
5.414766704476564607e-01	1.722703945530875413e-01	-4.430710068799994517e+00
5.668680012415316938e-01	7.911312338536090338e-02	-4.789799900840633562e+00
6.399959760344553494e-01	-1.374117597992687845e-01	-4.604099850767387814e+00
4.426272014949298450e-01	-1.038266175689884913e-01	-4.960467159033735030e+00
6.049853922793552163e-01	7.736025607193536269e-02	-4.815049340136082101e+00
5.345834677885605846e-01	-2.536879011066918710e-01	-5.831562520383481996e+00
5.627741087465528702e-01	-2.434852557227237813e-02	-4.992387425451296323e+00
5.337391211711356442e-01	-1.737197648148133822e-01	-4.427098100425197025e+00
4.817809816270302026e-01	-3.703994019839109697e-01	-4.428077007115039265e+00
4.667561247099777932e-01	-2.361355380931924319e-01	-4.815460155827058664e+00
5.382778943266141036e-01	-3.417960864925501108e-01	-5.228744157454976005e+00
4.682070911001195435e-01	-5.658035064052142626e-01	-4.740252603388920072e+00
5.568037379481761695e-01	-2.263546295761004745e-01	-4.342345591584296116e+00
5.443889573145686001e-01	-4.386061227016993525e-01	-4.677999821657284230e+00
5.470992576338213897e-01	-4.439133557564196031e-01	-4.371719493591317729e+00
4.840051132143454726e-01	-4.861976854121407010e-01	-3.802857905547558204e+00
5.255821887939710058e-01	-2.909277767435538564e-01	-5.912788916305921738e+00
5.218412952866707810e-01	-4.120374992949507043e-01	-4.873363438568633299e+00
4.512857270541906218e-01	-6.282124255732719487e-01	-4.579529564591570789e+00
5.281100796376793083e-01	-2.795198288748168003e-01	-4.840976925375612083e+00
5.353566444093781351e-01	-5.077891237784323275e-01	-5.022386250228783489e+00
6.144181011230364087e-01	-5.798033957935587734e-01	-5.300803598964249019e+00
5.470722098612924578e-01	-5.812978314252351675e-01	-5.419155512673632380e+00
4.483893439911113554e-01	-8.780260024105662753e-01	-5.381883616990523755e+00
5.170378698581014065e-01	-9.277400302837541801e-01	-5.138017826970954438e+00
4.387903664593659769e-01	-6.569096061400244713e-01	-5.089092943663849233e+00
4.595453649984009292e-01	-7.793574084179031303e-01	-4.243016770206570420e+00
4.073732810222093770e-01	-6.763976801034992103e-01	-4.947164716719468558e+00
4.446627878793603106e-01	-6.682815497334376742e-01	-3.879383695769929474e+00
4.177080861984997506e-01	-7.922822107473039832e-01	-5.429177629772270919e+00
3.970517278807557116e-01	-9.871478000628959304e-01	-4.517386146187019946e+00
5.345963573501086863e-01	-9.141333127289739124e-01	-4.633272060260906322e+00
4.790970179468114765e-01	-8.230517832979290516e-01	-4.540864686856598276e+00
4.566564698738125316e-01	-9.877284723606531980e-01	-4.257553220972281061e+00
3.438001933293444168e-01	-9.563073867136675510e-01	-4.027619533547070141e+00
4.312077803343453697e-01	-8.187346684764582605e-01	-4.211701963105868529e+00
4.012861701309133333e-01	-6.980839805391040320e-01	-4.567854812381526131e+00
3.896011598240415319e-01	-1.174141957353046273e+00	-4.397477930802655699e+00
4.347440354443311561e-01	-1.136782945935317812e+00	-4.293155886170095137e+00
4.123917027104934130e-01	-1.130784045007487304e+00	-4.470337802243538050e+00
4.201128131989017578e-01	-8.882782245566800405e-01	-4.372020260652227819e+00
4.191771743453298060e-01	-1.201430411525543418e+00	-4.407650892375567508e+00
3.451824664040532009e-01	-1.105222147487409767e+00	-3.547215351528066662e+00
4.032716783121034765e-01	-1.468901514794016538e+00	-3.765239408420308020e+00
3.909562384827714454e-01	-9.968578569130108757e-01	-4.472745076443123580e+00
3.501250926467660007e-01	-1.198637241422003230e+00	-4.061008014715616454e+00
4.001619761546802434e-01	-1.378340213071117093e+00	-3.668178132129492397e+00
3.988029813503564114e-01	-1.287198921160507936e+00	-3.275286824435877264e+00
3.241228790485216615e-01	-1.154980506006170637e+00	-3.918217889933639952e+00
3.984798244788600452e-01	-1.127210612655700661e+00	-3.703063077989297902e+00
3.442842244727438161e-01	-1.153966497462652230e+00	-3.591981139020495650e+00
3.608114685533018173e-01	-1.371531739073979406e+00	-3.128330906349684692e+00
3.132117546104103978e-01	-1.273318591950364453e+00	-3.364039084031430704e+00
3.033694330652531579e-01	-1.229777949659420111e+00	-3.979760275602704844e+00
3.493267934180877554e-01	-1.036347404879295109e+00	-3.448131741176279519e+00
2.879620701727220178e-01	-1.335909316461916241e+00	-3.140166195175748687e+00
3.042567005601523045e-01	-1.449588591579932251e+00	-3.097098192532480532e+00
2.387115650965008773e-01	-1.122341456154218653e+00	-2.335334780125216891e+00
3.488937417890536352e-01	-1.239381805528944058e+00	-2.081171756618059199e+00
3.470476629293801629e-01	-1.478153760469502753e+00	-2.739050375160696937e+00
2.636621489129523099e-01	-9.449859781400666847e-01	-2.699361605722767177e+00
4.047551667480842608e-01	-1.464206405834851399e+00	-2.464194290744195825e+00
3.616182158473593145e-01	-1.351028239421827593e+00	-2.357960467014582839e+00
2.205939049440646116e-01	-1.390954966021748618e+00	-2.462368980563481191e+00
2.798536600056502621e-01	-1.357126532909638916e+00	-2.519984447704475272e+00
2.892177492726053512e-01	-1.321666995118945254e+00	-1.557019394441040649e+00
2.972352792347626171e-01	-1.158776893217399850e+00	-2.193626273556813722e+00
2.516483876869506919e-01	-1.387450122221274063e+00	-2.877551339443131795e+00
2.061132015551868368e-01	-1.592091716161154524e+00	-2.332598825683235511e+00
3.439631632650207438e-01	-1.238532142598138153e+00	-2.650271328301035734e+00
2.217553879175358789e-01	-1.451180603251086998e+00	-2.611136152746223793e+00
2.116060743114886178e-01	-1.633371685738385093e+00	-1.358687868128978016e+00
2.056146910193941413e-01	-1.525678227718551661e+00	-1.899897121562076574e+00
2.045722074311577543e-01	-1.357113026966804137e+00	-2.509420316873177903e+00
1.290305352535707772e-01	-1.569891542424519226e+00	-3.272612802128265663e+00
1.959027460242444008e-01	-1.687297782222365816e+00	-2.572422504699515500e+00
2.171051387029113711e-01	-1.510539798361539843e+00	-1.989893622925623884e+00
2.298663730084107848e-01	-1.389841182113589868e+00	-1.632167483245186013e+00
1.478799612745657910e-01	-1.525853572159707738e+00	-1.448108164567522449e+00
1.800319698200945617e-01	-1.669359140956726550e+00	-1.239473758640127432e+00
1.978032469407882687e-01	-1.769269256313718230e+00	-9.410199587017435974e-01
6.249461489852413398e-02	-1.568076596381761112e+00	-1.560812330523851266e+00
4.755924310043443959e-02	-1.682621455522966158e+00	-1.291219506522729654e+00
1.682326064156769996e-01	-1.501180069502277670e+00	-1.364638820177653367e+00
1.292604823579723006e-01	-1.535975963266127176e+00	-1.542291557537186275e+00
1.628134267893488474e-01	-1.595283554851472996e+00	-1.550107857240530684e+00
6.900772757779372046e-02	-1.600287164669365936e+00	-9.137089044284552042e-01
1.075112285209901680e-01	-1.433249928754748881e+00	-1.751393604100405010e+00
7.330387321439418846e-02	-1.636292493405226089e+00	-1.094073108698478958e+00
1.021951879859896717e-01	-1.462142917776003470e+00	-7.246446644460335929e-01
5.745646973203497043e-02	-1.588118581048518330e+00	-1.077033474189267093e+00
7.183486739598182735e-02	-1.636566675712761487e+00	-5.461553536994672164e-01
-5.350258867630523774e-02	-1.394104874702557284e+00	-7.330118839395544095e-01
7.251247330165175309e-02	-1.800897178266372300e+00	5.307140794236644421e-01
5.966453386781984253e-02	-1.791816632927822228e+00	-3.276120497252646979e-01
4.226198035386349167e-02	-1.869681868024098081e+00	-4.258359599670470952e-01
3.552230781689747624e-03	-1.670321394511369073e+00	-1.523137537216913973e-01
6.206407433192108469e-02	-1.639059727423967994e+00	1.438260478469979287e-01
1.128283929843521549e-01	-1.705854354141726814e+00	-2.771172638037803226e-01
4.039602632190301967e-02	-1.675561032400578521e+00	8.507700879171955499e-01
4.636903561178697640e-03	-1.561138490253380251e+00	6.547434425958370552e-01
-5.187365653699956003e-02	-1.405023408681758346e+00	-6.770218202849400679e-01
-4.532102079721431198e-02	-1.559612465000940418e+00	-8.571428764545963030e-01
-1.155813014511646863e-01	-1.874405975726126661e+00	-1.090072945182711806e-01
-1.217276018068310373e-01	-1.532029932775580638e+00	7.431646894444200457e-01
-6.046502471667268563e-02	-1.388000961897704721e+00	5.548953436192257671e-01
-6.525359761920918045e-02	-1.883076394427163347e+00	9.154692801387940282e-01
3.824619917933650554e-02	-1.427052985962627529e+00	8.092901255923961035e-01
-6.396598238078084198e-02	-1.380114609117637503e+00	1.221382349527184275e+00
-1.053152276692908562e-01	-1.301724941888974474e+00	4.399302154697816714e-01
-7.758845703951718076e-02	-1.457537796498739935e+00	1.119244488376445634e+00
-2.566998718897987863e-02	-1.686011460619849744e+00	2.159746186574934557e-01
-1.401208660194301903e-01	-1.843921003764699584e+00	7.216975688501106045e-01
-6.922985192571350088e-02	-1.576958187298596714e+00	6.052025730408793214e-01
-7.763652003751467245e-02	-1.786517377666485995e+00	1.636213753662830062e+00
-1.420454966739924940e-01	-1.376200999369052269e+00	1.095816791249171418e+00
-1.472332452366283961e-01	-1.857955014363887658e+00	5.914999043160157344e-01
-1.663058094854622526e-01	-1.967017580447731895e+00	1.506642751795006285e+00
-1.147648739013577279e-01	-1.458418092228619845e+00	9.768731943917050575e-01
-1.433305935743138249e-01	-1.417423126412911349e+00	1.773363721348209410e+00
-1.041525081138739567e-01	-1.385986004682664197e+00	1.309704946754256305e+00
-1.537062296485761925e-01	-1.668801569121019623e+00	1.143041257189361115e+00
-1.872442103513160816e-01	-1.561552171619897234e+00	1.034152765983785471e+00
-1.748951781108976089e-01	-1.796927677001169066e+00	2.455104287977426303e+00
-1.679224717933704980e-01	-1.718958514223562384e+00	2.682389898300669095e+00
-2.971392476639653779e-01	-1.330483575808027785e+00	1.395996663571382967e+00
-2.459751778445779524e-01	-1.401039328594770206e+00	1.563031255750510828e+00
-2.637996213438222326e-01	-1.553077498907795340e+00	2.410540123252224554e+00
-8.417197566238035500e-02	-1.495991830815716961e+00	1.226164173139825397e+00
-2.602330185934016438e-01	-1.236906598183859840e+00	2.225300605472276594e+00
-2.742160200498817701e-01	-1.643838056009213178e+00	1.875049731495200600e+00
-2.072236314516302524e-01	-1.278258701807501785e+00	2.324852503012484028e+00
-3.341950247838210153e-01	-1.513025619433895796e+00	3.012420827097309406e+00
-2.493574897111791033e-01	-1.462022676973777191e+00	2.414198797280282971e+00
-2.088931193839946576e-01	-1.526198945416418873e+00	3.070414831020617630e+00
-2.501119294450110386e-01	-1.592786240957690946e+00	2.634928697219904414e+00
-2.242202781664800748e-01	-1.268550075573764424e+00	3.124156597457858453e+00
-2.370983717446314143e-01	-1.784504460862930575e+00	3.270057414846249344e+00
-3.094772146315620809e-01	-1.329829458924230767e+00	3.373400402341178328e+00
-3.097409969140734742e-01	-1.398298720903219383e+00	3.681725654435874073e+00
-3.846712912951268937e-01	-1.331868429048445268e+00	2.319262618150955024e+00
-3.402937036455099262e-01	-1.196414475577420200e+00	2.310980102953826609e+00
-2.431179764969091939e-01	-1.299991364618001688e+00	3.005455702742703572e+00
-3.966715721001802253e-01	-1.228115802754154107e+00	3.454705436698587206e+00
-3.199585987304613410e-01	-1.126939751424818947e+00	2.407601923117857368e+00
-3.411182521897782594e-01	-1.458715584396165665e+00	3.503284213247122025e+00
-3.187733036959066180e-01	-1.329722647570651395e+00	3.696417921069666601e+00
-3.835244343879273821e-01	-1.211733433785258551e+00	3.134136028095717563e+00
-3.867595272949107543e-01	-1.454015503582630764e+00	2.462247703958984513e+00
-3.519725877929683611e-01	-1.305002360303650022e+00	3.726973387473108801e+00
-3.888556585807415034e-01	-1.159711724428044821e+00	3.356980522849767556e+00
-3.835008389174853760e-01	-1.154795874291576929e+00	3.009288852314730534e+00
-2.854473257808547992e-01	-1.041228779671040883e+00	3.090990441068791839e+00
-2.524767570410467732e-01	-1.255414021648276757e+00	4.334700737461766096e+00
-2.937117212157218660e-01	-1.510080023083542056e+00	4.406890201350957881e+00
-3.530516921478216164e-01	-1.051767082965656241e+00	3.352645082912313779e+00
-3.673559686055781759e-01	-1.151318949387533319e+00	4.107349212193157406e+00
-3.872588056568578851e-01	-1.018484437237566764e+00	4.643171231342442695e+00
-4.092843043812462445e-01	-1.167162488509729812e+00	4.116766184828009933e+00
-4.328936747757652359e-01	-8.608357309764234078e-01	3.428647837485748084e+00
-4.069099045657694202e-01	-9.949477066088232569e-01	4.238371430680492047e+00
-3.698957885171865745e-01	-9.800930231708305795e-01	4.285567824721121966e+00
-5.111572515654243531e-01	-9.027614900351864646e-01	3.794227397553250558e+00
-4.648204143840064528e-01	-8.407314918940593795e-01	3.864604462423516740e+00
-4.664975735234823118e-01	-8.337627801100953029e-01	4.490125874819299590e+00
-5.117987466943857422e-01	-5.521484089398935868e-01	4.348547259927451947e+00
-5.050046243180446037e-01	-7.447279052913751141e-01	4.823536990598047858e+00
-4.655665511596699946e-01	-9.005357481971044686e-01	3.912752472203008924e+00
-3.981618434222866099e-01	-7.085866580176722884e-01	4.128530675568112152e+00
-4.270637340145893579e-01	-1.215789884742775273e+00	3.940971947141735932e+00
-3.889557569532784420e-01	-6.386899895026433294e-01	4.073925335317418295e+00
-4.616851752130911035e-01	-3.244181112822908108e-01	4.380087076227296983e+00
-5.714176830472441626e-01	-6.978897126728049738e-01	4.751331983771607703e+00
-4.342046595762717454e-01	-8.996315855716221499e-01	4.209538160257032757e+00
-5.398487806797291899e-01	-7.384272849890488599e-01	4.144803024861248630e+00
-4.712379551979652970e-01	-2.350580210724986241e-01	4.298626748281116683e+00
-5.001445313293113593e-01	-5.582244813441208375e-01	5.361461132729442802e+00
-4.148058502134879255e-01	-5.616646818864770019e-01	4.758858845234930079e+00
-4.706432341236356232e-01	-4.327475572956518413e-01	4.642312741998495973e+00
-4.248656208945525981e-01	-6.796728166040464370e-01	3.874738125718626414e+00
-4.864468335358894668e-01	-5.300955452937279322e-01	4.497407967875290957e+00
-4.719406073849740091e-01	-4.811423760425413976e-01	4.916200004724315065e+00
-4.789571058750980992e-01	-3.203151671930202227e-01	5.487605140170160212e+00
-5.177916401238588096e-01	-4.718156421365530817e-01	3.808228991737549585e+00
-4.236985670630008527e-01	-3.239266814434177966e-01	5.645240797499719854e+00
-4.200272314694397657e-01	-9.524699117711410423e-02	4.969591204008968255e+00
-4.641102705037075671e-01	-9.469190407110050778e-02	4.806585975091449470e+00
-5.453620351376813336e-01	-6.519278805405920307e-02	5.034121758519481737e+00
-5.495366223532535122e-01	-1.153568642669367539e-01	4.152869370213860378e+00
-4.752545402370394467e-01	-4.742053021261903867e-01	5.451328245400858030e+00
-5.762442831170985214e-01	-9.275431647690726700e-02	5.040518587967207864e+00
-5.212109420659889469e-01	6.690418278090470849e-03	3.917029284397478772e+00
-5.459808207703706895e-01	-2.471127775978864682e-01	5.062606012976942793e+00
-5.394950187717684198e-01	-4.188982635591832482e-01	5.210344067502364673e+00
-4.995627117783887350e-01	-9.629805640761726626e-02	4.324981235245552114e+00
-5.268492795571292353e-01	-2.797219278436706702e-01	4.980102386626787059e+00
-5.281082717081239108e-01	-1.525762301587041403e-02	4.530810976412082525e+00
-4.720281337809376088e-01	-7.509396608864124523e-02	5.068407090108617119e+00
-5.797494408647323461e-01	-3.967375281550098443e-01	4.462928358989718625e+00
-5.354948113636306406e-01	1.108028721134441258e-01	4.803381021883728508e+00
-5.065585277397189889e-01	1.704182868302573095e-01	4.242774393204443051e+00
-4.677730699690871297e-01	-1.799690880167621465e-01	4.903279981498624984e+00
-5.862559486222967964e-01	1.307838507142568100e-02	4.658341997397283052e+00
-5.089796562357160603e-01	-1.910068626549469295e-01	5.771229097617982973e+00
-4.749709497545696046e-01	-1.017336425802577993e-01	5.419638101875253966e+00
-5.410028336304297802e-01	-6.232344488915159131e-03	4.763860537580343113e+00
-5.240833962992567097e-01	2.146318108640331013e-01	4.908569330844662737e+00
-5.764743964753309413e-01	-1.815197262783934395e-01	4.614043866530441740e+00
-4.705232797152192337e-01	-4.147474677304305302e-02	4.980323864610270768e+00
-6.542784798442200511e-01	2.571577203815163526e-01	3.899453886057919760e+00
-3.935570040864959651e-01	2.360743964464691036e-01	4.779742155837185535e+00
-4.809005254569945209e-01	4.215739550658494372e-01	5.312091713963576822e+00
-5.343962605587625481e-01	5.197351848235036709e-01	4.591018451464310424e+00
-5.088666484576106486e-01	2.478786934768790751e-01	4.494340656997955818e+00
-4.674205376374795939e-01	6.453774132993131407e-02	4.407744761713885850e+00
-5.098115189197053310e-01	6.336265546572410479e-01	4.236819541148216572e+00
-4.905179356470807384e-01	4.316256432094960349e-01	4.637071397864620081e+00
-5.053099829384209984e-01	1.955350777969683262e-01	4.668647246659961780e+00
-5.078523655464558528e-01	5.427636080792046513e-01	4.112656509811183803e+00
-5.733814458238265521e-01	5.143152798903652956e-01	4.207373685102625771e+00
-4.401842145968946074e-01	2.717522137613482824e-01	5.070712155124883935e+00
-5.660078221524779130e-01	6.123857506338459267e-01	5.383829598356104640e+00
-5.079877931423405490e-01	4.076509306301631108e-01	4.917653021831529081e+00
-5.279792866499498638e-01	4.289496572335352864e-01	4.865588115292685423e+00
-4.098259633210041830e-01	4.628497047571500378e-01	5.686769051508406392e+00
-5.132420765494464243e-01	6.692989523294385901e-01	5.282888924077918880e+00
-5.548238747080754818e-01	5.364832211647706517e-01	4.638238615272506138e+00
-4.700782289741165521e-01	4.270000163213841793e-01	5.560976858035185266e+00
-5.480216116856841957e-01	7.355990553707911772e-01	4.781016853330652516e+00
-4.518363083625343002e-01	7.866427240655198272e-01	5.165165909068146100e+00
-5.522485822865984550e-01	6.846935167332195427e-01	4.497157509657656149e+00
-4.170706612269086122e-01	7.666542595212065825e-01	3.833887785690346384e+00
-4.634812191549303462e-01	7.084773623277494936e-01	4.949355083701155067e+00
-4.602654594634690288e-01	5.601209907510429353e-01	4.658262523872017447e+00
-5.335511110790568390e-01	8.465713869363645783e-01	3.834298642341959162e+00
-4.392295164018557019e-01	7.543580679318490079e-01	4.591672264380367352e+00
-4.608941641723827698e-01	6.037819694973227680e-01	4.262164888190285161e+00
-4.867498169654377871e-01	5.916899463200251397e-01	3.894509023684164184e+00
-4.946776566651355789e-01	9.180430686053702161e-01	4.220323182651632088e+00
-4.444426185672864515e-01	9.105056739753756290e-01	3.581908101291040314e+00
-5.077238870834124285e-01	8.629714677386709498e-01	4.514854471408209058e+00
-4.312421213813241172e-01	1.205407581525694827e+00	3.566046847093957695e+00
-5.335166922748489915e-01	7.115722240925418385e-01	3.539392349999439080e+00
-3.443928423168568509e-01	9.110261751391091067e-01	3.512559111957377578e+00
-4.378238298209720658e-01	7.579654558642359152e-01	4.592545476573360652e+00
-4.067382976262513550e-01	1.002165487239163877e+00	4.077861063754382620e+00
-4.882749318477453970e-01	1.108032747363097537e+00	4.572058100547186754e+00
-4.666114239966112631e-01	7.300179246486309115e-01	3.750030016600214733e+00
-5.361436563239482256e-01	1.018743783631279376e+00	3.739246177191956289e+00
-3.953705287596598894e-01	1.426478027213540445e+00	3.065389845375599442e+00
-3.975102778062685194e-01	1.199048364118543653e+00	3.246067447511498116e+00
-3.927824739871829118e-01	1.086071425106883481e+00	4.208952776413900310e+00
-3.891180237054769897e-01	1.207796118810239072e+00	3.338251904954524729e+00
-3.367836659401587940e-01	1.318572160483878930e+00	3.963523418797438413e+00
-3.509410126682058206e-01	1.185190029021101488e+00	3.920545131576318454e+00
-3.366446046255131552e-01	1.197980088197422743e+00	3.757949192281470285e+00
-3.451922102161250616e-01	1.225837472810980433e+00	3.987818164060018322e+00
-4.039525673712007769e-01	1.378028955928198851e+00	4.080697597733677462e+00
-3.825928593739348904e-01	1.081480089105741227e+00	4.157043045248016711e+00
-2.667469392753447077e-01	1.285967436788090223e+00	1.753601677599989639e+00
-2.815401714014402756e-01	1.275028391265417449e+00	3.731770754940320067e+00
-2.956853610327951909e-01	1.428601368473028099e+00	3.639608933268848823e+00
-4.209996206822861908e-01	1.506302827272964606e+00	3.300889002989955134e+00
-2.949099439826176061e-01	1.205545358341204576e+00	2.624490949358231795e+00
-2.896428045059866729e-01	1.423686194794667959e+00	2.745008336409107574e+00
-2.629939283869284772e-01	1.126995163489831420e+00	2.943078375504981192e+00
-3.253998016915982117e-01	1.106076931114516437e+00	2.459228296557556259e+00
-2.681086388433217560e-01	1.348226954013457712e+00	2.403007943495838461e+00
-3.701045239266488873e-01	1.479599457452773104e+00	2.664820304582503407e+00
-2.778525432889490387e-01	1.623718332822078114e+00	1.717175043827115832e+00
-2.326231671798763834e-01	1.569339383465335969e+00	2.472554350225534492e+00
-1.935879400112032744e-01	1.241815657620431557e+00	2.273997567026829980e+00
-2.153132265973147219e-01	1.258776545555800430e+00	3.079528556743971635e+00
-2.042393071303754415e-01	1.358746993391095392e+00	2.278247663647329446e+00
-1.859477951293924680e-01	1.328938814872544949e+00	1.817244491070779233e+00
-2.567321463734217879e-01	1.633864900090539862e+00	2.642524596620317467e+00
-1.148455419933325089e-01	1.575146981318398920e+00	2.174763504585887297e+00
-1.720186278414059522e-01	1.298043580144520703e+00	1.820858410087997203e+00
-2.293428084659488997e-01	1.662488373080011517e+00	2.330256806987533125e+00
-2.580504147092331224e-01	1.417780314776965422e+00	1.642629380080081525e+00
-1.968540110764935014e-01	1.557195560818515512e+00	2.799334896880997015e+00
-1.186310271492050789e-01	1.353866029493898004e+00	1.128247390756124791e+00
-1.179466488498834842e-01	1.246577820146904880e+00	1.527226678297273432e+00
-1.601159795881059444e-01	1.569519208608503025e+00	1.592127941025247129e+00
-2.436760467762505988e-01	1.556925963983595507e+00	2.156010974475918829e+00
-1.534829569214866685e-01	1.510968132767815497e+00	2.487285659879086008e-01
-1.195781784640461420e-01	1.737445390609951623e+00	6.814169102720778470e-01
-1.416647753010447097e-01	1.728920424904052400e+00	2.310834768285788599e+00
-1.092046375437111805e-01	1.546661931185109307e+00	1.742441996996188180e+00
-1.217488777960229612e-01	1.593585366366612410e+00	1.201518979015042454e+00
-1.274906632160827114e-01	1.589331081587769257e+00	8.231635315134153696e-01
-6.295965574718270785e-02	1.506042368501778528e+00	1.758286437781838796e+00
-9.862536746271341470e-02	1.846103635613498550e+00	1.151039358498787246e+00
-7.819351389546823350e-02	1.654371107785673756e+00	2.010966675354104449e+00
-4.425813696610309683e-02	1.841681815580701986e+00	9.481586329135398561e-01
-1.290541339998392822e-01	1.678379733803538443e+00	4.186107202099659808e-01
-1.177043982852016973e-01	1.705444947352476648e+00	4.346935029647858717e-01
-6.613280108933096424e-02	1.370564796620609371e+00	5.673066743714511029e-01
-9.855781065859428591e-02	1.506964288231546378e+00	7.234875511964402595e-01
-5.565558871311807043e-02	2.211631796929577121e+00	1.091606144959109459e+00
1.357572300020710443e-01	1.579750144955066382e+00	3.267072574304840660e-01
-1.810452502844757047e-02	1.678678515892382928e+00	1.844714231639345281e-01
4.087694167720594407e-02	1.405635252193706775e+00	6.542426578862571285e-01
1.770186553076643840e-02	1.812548554295538406e+00	-3.443212961547736928e-02
-2.088551604642143594e-02	1.686890099343006044e+00	3.536419036290489037e-01
9.756972744503353973e-03	1.501049727099228681e+00	-4.259071527204458807e-01
3.914662616983138888e-02	1.460567084176387365e+00	6.005437715601580351e-01
5.523786207226179246e-02	1.465884533291439640e+00	1.498983375907643856e+00
1.734016953320781373e-02	1.421381711149866778e+00	-1.183631625204089488e+00
1.102706258666298900e-01	1.705352571014510543e+00	-2.123347326347417852e-01
4.790022270784959069e-02	1.585156502312966786e+00	-6.820940115716469521e-01
4.463187878771555928e-02	1.307562142009577988e+00	-6.377727763690075324e-01
4.832778849243585251e-02	1.685036021408765405e+00	-1.016838664442074824e+00
9.458127904993773871e-02	1.772097776696811566e+00	-6.797961898536220016e-02
1.438620786707818788e-01	1.287787263173842289e+00	-9.368781164545456619e-01
1.202803828480802917e-01	1.514133496581402394e+00	-1.636556431292890856e+00
1.994091656051389105e-01	1.502358579236669600e+00	-8.663025861364764824e-01
1.238526389137386274e-01	1.975084324025754068e+00	-1.102264790310346410e+00
1.006779601560407744e-01	1.593743305387743892e+00	-1.226510153262692304e+00
1.795244486931417416e-01	1.521570637791930691e+00	-4.646374946457926258e-01
1.244333937302457282e-01	1.398522908281492061e+00	-6.212567907632806641e-01
1.640501759995419140e-01	1.612427401507563252e+00	-2.027410736339011699e+00
2.020154695544794932e-01	1.397050273343946492e+00	-1.399652280960538064e+00
1.409419169776162939e-01	1.686161110368350480e+00	-1.885333473275223382e+00
7.544473940516233101e-02	1.438029690094014823e+00	-1.332712294555179033e+00
1.626854620212369040e-01	1.509224811641449948e+00	-7.131782649765880944e-01
1.883977206776555890e-01	1.428952401560263485e+00	-1.644041578638230305e+00
4.131850709974366209e-02	1.555778533022596166e+00	-8.778578550743779685e-01
2.633419248322847461e-01	1.679768159497870617e+00	-1.360378786765117365e+00
2.848958019508467387e-01	1.782509667702535383e+00	-6.965274406222516923e-01
1.617866559597082865e-01	1.413593389356669672e+00	-1.561683136403066552e+00
2.158803532663104707e-01	1.649227014534558666e+00	-2.099654609572334962e+00
1.515553078858993541e-01	1.269506762478375794e+00	-1.573335364091799971e+00
1.543595016786502572e-01	1.610935363313392266e+00	-2.027262177186272663e+00
1.589523125510828305e-01	1.153172783938192447e+00	-2.458078443407091029e+00
1.442172954113131733e-01	1.361033525872195504e+00	-2.051239958189193580e+00
2.104651428399454127e-01	1.243289059132399732e+00	-2.580789207931292850e+00
3.571225737606635864e-01	1.295856782961929854e+00	-2.428584973772550448e+00
1.808554634711009579e-01	1.395873175209107808e+00	-2.131242278745033580e+00
2.457525322836238979e-01	1.486511977087607406e+00	-4.100391184187937910e+00
2.312051824946352585e-01	1.607513469900235803e+00	-2.688740878268999879e+00
2.780266479507920163e-01	1.739261055836633041e+00	-2.397594208201964339e+00
3.149575139742383234e-01	1.216303068385772068e+00	-2.750422207894749782e+00
3.356748270433343451e-01	1.421267190706358541e+00	-2.087430342815805417e+00
3.240793191787459393e-01	1.461610166011972467e+00	-2.767221513206588046e+00
3.048715693358998724e-01	1.320602201225262728e+00	-2.296158131173088535e+00
2.640716885936257308e-01	1.502604429322429658e+00	-2.838820765505939647e+00
2.905493389491225487e-01	1.397060913135896199e+00	-2.509300246123837841e+00
2.956031011783416540e-01	1.641779025998800989e+00	-2.551332343086298415e+00
3.300682871327683676e-01	1.302928385125876165e+00	-2.630104110081322055e+00
2.558674565468723183e-01	1.532487534169715282e+00	-3.306503380861851582e+00
2.912460725495491509e-01	1.207540733044365711e+00	-3.738107582544963670e+00
4.288198068508180527e-01	1.282852788345528960e+00	-2.913773268872090760e+00
4.120840605084355457e-01	1.203087159836268460e+00	-4.279033992772819595e+00
3.819096625442666704e-01	1.010835157692027586e+00	-3.877956768859057934e+00
4.016566660600876526e-01	1.180978066675695937e+00	-3.167746898589973270e+00
3.591234612276754112e-01	1.106321384233817318e+00	-3.765871706805212327e+00
4.208120458590700608e-01	1.134298326120808387e+00	-3.792569623606337093e+00
4.131812811284526488e-01	1.249292422056186513e+00	-4.155371208099133185e+00
4.861421747427268070e-01	1.131462119176565029e+00	-4.084366428953833505e+00
3.717663227597199915e-01	8.933798915723151213e-01	-4.146982275478348079e+00
3.014003585306416766e-01	9.722119198422880526e-01	-3.821511041694317878e+00
3.622467899410930503e-01	1.170682563690975009e+00	-3.206081746787470266e+00
3.509341446233864570e-01	1.066462073873464256e+00	-4.122352507759591944e+00
3.414551883477217054e-01	6.798666598312814724e-01	-4.619386927313303914e+00
4.415103087647728741e-01	9.205375831537130349e-01	-4.236191578451641959e+00
4.105686589416138177e-01	7.290735957718361693e-01	-3.822902225989864622e+00
3.413524424137918123e-01	8.813356372494121072e-01	-3.479381668743322109e+00
5.113935793701387400e-01	1.024943081966445568e+00	-3.501883636193493743e+00
4.406072571848855257e-01	6.401633130805116645e-01	-4.606153061157684192e+00
4.524923486281418050e-01	7.983301335118327957e-01	-3.472202411021689805e+00
4.831798260638507925e-01	8.698611797384425692e-01	-3.906347102389248427e+00
4.355993660971178016e-01	9.942007061576803029e-01	-4.488775244003366360e+00
4.088936395093378251e-01	6.872567876086345118e-01	-4.582839216070115462e+00
4.908421784296196910e-01	9.398928327816613582e-01	-4.828399339305876836e+00
5.097012279093716680e-01	5.175997005962265085e-01	-4.471374122486874825e+00
5.275250101552033666e-01	6.200809432195200088e-01	-4.309362751841269379e+00
4.392521887355511079e-01	5.637553706526350350e-01	-3.636610952989670853e+00
4.893957546631089173e-01	6.711638230463226051e-01	-4.332922917394505191e+00
3.969258290650043985e-01	5.310985672396856261e-01	-4.312403076214819109e+00
4.744700466544479744e-01	5.689357491739085448e-01	-4.675956160017516794e+00
4.908896104656787496e-01	3.221587299317882902e-01	-4.499889483677439905e+00
5.003651360517448188e-01	6.043309776480187967e-01	-4.041630509139952032e+00
5.359895259365260456e-01	5.222628273013588673e-01	-4.652444629373324148e+00
6.414123435144282181e-01	7.778214975873689596e-01	-4.641755421124773129e+00
4.623345206337212687e-01	7.143974447784529058e-01	-5.331839553845838076e+00
5.603285904595012301e-01	1.999428169269192868e-01	-5.033616665741494245e+00
5.471383525932915770e-01	3.648925699298729564e-01	-4.820369581167601503e+00
4.629076213596799438e-01	6.046772534002862187e-01	-4.903106960033528416e+00
5.528894907284781501e-01	2.564952161871258962e-01	-4.496934149836683048e+00
4.795028171102022063e-01	4.274161929324689080e-01	-4.209998974604069133e+00
5.628290786718684879e-01	3.283403186021399134e-01	-4.630839236262510816e+00
4.972071509424296765e-01	-1.725092539498573885e-02	-5.022767587480029050e+00
5.155175611935798319e-01	2.736580468040245573e-01	-4.566101694573490910e+00
4.528222898691202647e-01	5.590441301364277304e-01	-4.481120277170346000e+00
5.356293975766499571e-01	1.294079047331236354e-01	-5.018822882328571211e+00
5.157539054485710261e-01	-1.389654065437676000e-02	-5.078319165171119920e+00
5.407099530851846581e-01	4.147896370819381673e-01	-4.645030984749939584e+00
6.083622327029413190e-01	1.391697451628037263e-01	-4.577849184729011256e+00
4.942743660615549484e-01	4.291452117931155441e-01	-4.771410679988514758e+00
4.967064852154042809e-01	2.513566931993530540e-01	-5.662667976447650631e+00
6.512788584356599131e-01	2.279438850088059687e-01	-5.048780504881657194e+00
5.537221438967204756e-01	-5.468047586075192035e-03	-5.678737685866454221e+00
5.484467510843094029e-01	-7.051603970202702243e-02	-4.423102800444258520e+00
4.955310938413732824e-01	-1.339908596677586439e-01	-5.438850755154559735e+00
5.345593079860716523e-01	-3.023481697366591781e-01	-5.784865670791155878e+00
6.043249273570779900e-01	2.453261464778544107e-02	-5.641301933808545499e+00
5.166611777002196870e-01	1.614961671635313234e-01	-5.073318144893113057e+00
4.933160911063830811e-01	1.135192008254519019e-01	-5.333213365145858198e+00
4.669768261040971868e-01	-2.727229994969756488e-01	-3.841717197155587016e+00
4.716233357174984819e-01	-1.547503102900468774e-01	-6.258000329881774348e+00
5.763991657325873152e-01	-3.310280212097532204e-01	-5.851773293045570590e+00
6.337037405029070092e-01	-1.682097282153799389e-02	-5.645017643284063524e+00
5.130162403976606944e-01	-3.505650577995140793e-01	-3.817274296709959103e+00
6.027523529367502242e-01	-2.584563300103168704e-01	-5.327689317598390595e+00
4.370091836518284478e-01	-2.600636835538369107e-01	-5.181038175274221835e+00
4.850903830922541626e-01	-3.126272061457884277e-01	-5.134711012038703615e+00
6.135322231186282060e-01	-1.253863624022178436e-01	-5.264104476601922933e+00
5.420772089086425272e-01	-7.743846277719501625e-02	-5.751608708883962251e+00
4.499425708290399895e-01	-6.223668477890917927e-01	-5.462858005929721372e+00
5.280520601658791335e-01	-3.005540659151599847e-01	-5.075080373169822856e+00
4.934582659531582260e-01	-4.788924864821040850e-01	-4.561461847308411421e+00
5.799192149088420178e-01	-4.795256057219021151e-01	-4.234206275119936969e+00
4.724123616271297954e-01	-5.169796842415912419e-01	-5.117172308341150888e+00
5.447357181743444077e-01	-6.664731047748861936e-01	-4.198589771658012282e+00
5.096297527423718776e-01	-4.271884111102933201e-01	-4.905541429411035104e+00
5.071904116267904605e-01	-4.683257691535263612e-01	-4.858636677166278339e+00
4.925167853138669449e-01	-4.279823656996231129e-01	-5.209057718268092607e+00
5.157575700975565169e-01	-5.523168612513084108e-01	-5.235096088163822436e+00
5.168924083746254672e-01	-7.570449122474698367e-01	-4.541263265817286232e+00
5.538166560686772488e-01	-5.455983524128370510e-01	-4.686455420872725597e+00
5.064395724859043213e-01	-4.640120395945342424e-01	-4.655198170661023482e+00
4.279856264162404389e-01	-5.255347862120633984e-01	-5.161717606917857637e+00
3.911537140977145999e-01	-5.948974507036643988e-01	-5.091859091106161195e+00
5.029428937880360273e-01	-1.028561534122018006e+00	-5.203773064190619024e+00
5.667023940097958290e-01	-9.448384586631954907e-01	-4.496604346868841695e+00
4.992151856763084039e-01	-6.622024214864826730e-01	-3.964906796899899000e+00
5.234404094599658386e-01	-5.856875852779221958e-01	-4.388014250409662864e+00
6.279506265391665565e-01	-7.694576586672543517e-01	-4.148949909508412581e+00
4.436728198942638812e-01	-1.068321931922247225e+00	-3.954466835446367234e+00
4.787624542672545558e-01	-4.714379876398409053e-01	-3.388961961400109413e+00
4.756464119063416596e-01	-9.650618083121671464e-01	-4.000367450611739706e+00
4.835382086116846723e-01	-1.007630350098970506e+00	-3.967516775925834072e+00
4.286315743375955223e-01	-8.555145709908777985e-01	-3.830177854199353860e+00
4.699699706779753572e-01	-6.141765298644500382e-01	-4.160982034799219242e+00
4.719909023303912043e-01	-1.139696285298894329e+00	-3.884365104014215309e+00
4.883568006140857620e-01	-1.026057011475473679e+00	-3.859608217260385832e+00
4.817125466978954829e-01	-9.599417102740201990e-01	-3.805310890158835058e+00
4.349165017517237497e-01	-1.151646832697625022e+00	-3.943977416904289157e+00
3.621462155985276654e-01	-8.975166546849000504e-01	-3.643253545987689801e+00
4.919686715392077025e-01	-9.024510304964126206e-01	-3.642858881757232492e+00
3.980151828009443893e-01	-9.985758474144813546e-01	-4.040749354299625118e+00
4.772186067331580239e-01	-1.222557771332469567e+00	-3.961323814246492159e+00
3.450648025075148118e-01	-1.119740093133801961e+00	-4.296038130834582525e+00
3.504887320541031914e-01	-1.357042476032586986e+00	-3.501881467421527283e+00
2.878145965955424268e-01	-8.945186013652330903e-01	-3.432105974384189739e+00
3.031138690848244055e-01	-1.247032067121079058e+00	-3.726333481609393150e+00
3.357510064446532216e-01	-1.060687475855162987e+00	-3.699911402416731665e+00
4.384775771572944625e-01	-1.395209911746023712e+00	-4.354475402008374907e+00
4.052131430949788005e-01	-1.196780986830016102e+00	-3.551282680191941488e+00
3.705154899246625999e-01	-1.254251014793298813e+00	-3.071287690811058901e+00
4.053229158223476958e-01	-1.472567688769606420e+00	-3.788380892962829094e+00
3.712036260987964242e-01	-1.184284249495128893e+00	-3.699748512784378995e+00
3.676871407960539129e-01	-1.073196211777394327e+00	-3.141294137522374630e+00
3.123091027880441906e-01	-1.339929910510051503e+00	-2.339213145482791134e+00
4.174408545783884206e-01	-1.352320844836067293e+00	-3.407866882308098866e+00
3.328733738753652527e-01	-9.297809170188031658e-01	-2.766170239853908974e+00
2.643455031177230907e-01	-1.066729124469033341e+00	-3.312168813576291004e+00
3.842013206141116077e-01	-1.275565146454114451e+00	-2.742000912181857597e+00
3.033423628477308620e-01	-1.732469322886160068e+00	-2.629821724261904414e+00
3.393132739456690139e-01	-1.473768696925924493e+00	-2.625191741975225312e+00
3.423066547671779758e-01	-1.179675711421645401e+00	-2.625601789939764785e+00
3.169812750197574247e-01	-1.540171297810913664e+00	-2.610217675746919319e+00
2.402539252029463890e-01	-1.386915034712002726e+00	-2.460032045168287329e+00
3.103557031292073498e-01	-1.481419418719924330e+00	-2.292318445907175040e+00
2.573769285440065668e-01	-1.372332585587459519e+00	-1.939013429743791761e+00
2.937741181345921437e-01	-1.217692628277936562e+00	-3.470943770877437551e+00
2.738515050935865225e-01	-1.451774937635259333e+00	-1.959638240218815941e+00
1.932034127226736897e-01	-1.630351415595696185e+00	-2.851712312655252379e+00
2.546817074055901520e-01	-1.609403125951850644e+00	-1.911869896435459237e+00
2.392471365278868722e-01	-1.091283545688846557e+00	-2.298663172048133863e+00
2.238279605512928927e-01	-1.738659680154966747e+00	-1.365606303396300847e+00
2.325585452489606908e-01	-1.146694874786832630e+00	-2.857327943313336505e+00
2.245902757866822530e-01	-1.346353068569282607e+00	-6.431790793238254533e-01
1.766177069346209771e-01	-1.590371278846010483e+00	-1.812743077047327400e+00
1.472296754754234827e-01	-1.566227815572900584e+00	-1.236605820768013064e+00
1.996908163069808229e-01	-1.519793797560409221e+00	-1.792118799759760517e+00
8.582625390520690067e-02	-1.552752121820498932e+00	-2.138635364720492316e+00
1.896460936355889026e-01	-1.608810274651805372e+00	-3.655861316387050142e-01
1.004431479515391357e-01	-1.326977213765236252e+00	-1.351509338788479342e+00
1.245121338534741218e-01	-1.238975744259310785e+00	-2.379224148779094161e+00
1.401586545080271418e-01	-1.676970099267798719e+00	-1.299278031789448118e+00
7.179899181813639841e-02	-1.403251261896079072e+00	-1.298489385574144173e+00
1.419609813932921349e-01	-1.601275348780812458e+00	-2.145201198448368762e-01
8.155643308292545579e-02	-1.445696640076010731e+00	-7.836560661458791266e-01
1.715968129664168784e-01	-1.532745197759370903e+00	-1.376849854474970769e+00
-1.964504166870342794e-02	-1.612588668314467011e+00	-4.724979189149777770e-01
-8.169588148276923922e-03	-1.603491771980070091e+00	-6.816676321216958989e-01
7.279987282025908446e-02	-1.470053109489254384e+00	1.404229390831847057e-01
1.087276840151387702e-01	-1.371652370795664488e+00	-8.354327348851275925e-01
1.015487881917152002e-01	-1.724033446638116196e+00	-6.985124004164393607e-01
9.537124708717124866e-02	-1.583153462439294001e+00	-8.591292461733259778e-01
4.932606923265782373e-03	-1.493730649964130519e+00	9.858445532776538567e-02
5.771519817611496517e-02	-1.753228031550589705e+00	-6.584560148335640850e-01
9.035905337157586203e-02	-1.724966590291718616e+00	-7.096742449198647495e-01
1.210377618672325850e-01	-1.421610520384034348e+00	5.753927991439765632e-01
-2.353217193019667419e-02	-1.782007392276484525e+00	-8.256199263523489318e-01
-3.813688480578064643e-02	-1.611766933638389299e+00	-2.145123719225940084e-01
4.641474108903603790e-02	-1.365211559355193005e+00	-6.870631649262329277e-02
-6.850060355704343240e-02	-1.634473782865566882e+00	3.623370916172338752e-01
-8.671182253630804748e-02	-1.522870075333330409e+00	1.114518038214871581e-01
-5.958610296848305954e-02	-1.778291763092065381e+00	6.357733347376900435e-01
-1.342929362201164545e-01	-1.678215287649769349e+00	1.144930972289678106e+00
-3.465334486714911899e-03	-1.580520729676849312e+00	-3.274395874168086751e-01
-3.066741153053340052e-02	-1.232258741658646795e+00	1.293045848312173840e+00
-1.088686316870841053e-01	-1.495753639590580164e+00	1.128371931741006806e+00
1.180482212352175486e-02	-1.425574504404814036e+00	8.010060592778068811e-01
-5.120475817301183702e-02	-1.920508215795884599e+00	6.869787607692720011e-01
-2.463368112894764872e-02	-1.476213784534976314e+00	1.739325523222024827e+00
-1.306805411262435546e-01	-1.525857614426924691e+00	7.216713719681601136e-01
-2.060991024603836819e-01	-1.909853570040534354e+00	1.240883156371033635e+00
-8.514103738892220274e-04	-1.367654642999187820e+00	7.965807101435296023e-01
-1.114010519900532209e-01	-1.634524620181655008e+00	1.390957474471451683e+00
-5.479098596770544394e-02	-1.647403022500278036e+00	1.299877187980168269e+00
-1.553635840263053181e-01	-1.575022580579300557e+00	1.244608512024101499e+00
-1.134907561763132955e-01	-1.625247823725886720e+00	2.265419170815913041e+00
-1.587533625777321489e-01	-1.757771762186133957e+00	1.322506405413706121e+00
-5.862794059367867905e-02	-1.391322621897131961e+00	1.128154090102699181e+00
-1.824851742198050630e-01	-1.755445063913967374e+00	6.041772320099182414e-01
-1.333496982335283243e-01	-1.297034970757263705e+00	1.458354353818252180e+00
-1.310041140739021670e-01	-1.382701709626777298e+00	1.384938824784208933e+00
-1.926268195149070661e-01	-1.208736438038259697e+00	3.346219399345914169e+00
-2.043865890235605776e-01	-1.635098081911353418e+00	2.016483569915794138e+00
-1.509644054377656808e-01	-1.248932342100848913e+00	2.274744546382212462e+00
-2.229803663670720248e-01	-1.184678479868094492e+00	2.200315869555478532e+00
-1.806341532985239473e-01	-1.486359915227098538e+00	1.630791378064097463e+00
-2.639632754643961299e-01	-1.438261135942608737e+00	1.988116930319782316e+00
-2.170250865444705579e-01	-1.304889021487788625e+00	2.368442953801024320e+00
-3.274183154508129023e-01	-1.609097195251454115e+00	2.336367154529379153e+00
-2.473788798595862870e-01	-1.215413647476697889e+00	2.784478865062131270e+00
-2.056006762969997959e-01	-1.433498295508513154e+00	1.557082121226287530e+00
-2.702148380524814208e-01	-1.854676591387413032e+00	2.461458292297800554e+00
-1.729793060574693897e-01	-1.505463356028079902e+00	2.737348002634488076e+00
-3.592255107866458852e-01	-1.690458092023933823e+00	2.749784614163939267e+00
-2.923120772154191860e-01	-1.417435153530902214e+00	2.621065855253348786e+00
-2.678596440527865608e-01	-1.209246418646379384e+00	2.571111913901146018e+00
-3.479208131153699868e-01	-1.672960148026532146e+00	2.796710814154106828e+00
-3.257717458661669729e-01	-1.268785033486079961e+00	2.795413983966222204e+00
-3.305834956373042699e-01	-1.438195657746879519e+00	2.603772275687513460e+00
-3.381143570847133795e-01	-1.207355333023769184e+00	2.815547796129187930e+00
-3.328724135726731093e-01	-1.093113010035165811e+00	3.343795181562652097e+00
-3.566349772278997188e-01	-9.611210449316469617e-01	3.192624206464580450e+00
-3.773152448661773462e-01	-1.275607505435252920e+00	2.688429510868103112e+00
-4.534670782521095789e-01	-1.075754815122155872e+00	2.536732360964826238e+00
-3.682224877899469839e-01	-1.047924173966550354e+00	3.389175987219832376e+00
-3.406209969633039458e-01	-1.152260127383001764e+00	3.009946755423802855e+00
-1.475732450940703266e-01	-1.085801602303086089e+00	3.821763077526854513e+00
-3.624165518935632546e-01	-1.407511936160173338e+00	3.620052668471481550e+00
-3.264022990849618222e-01	-9.722863467638394042e-01	4.247386293381866906e+00
-3.998063635098030866e-01	-1.337086110810321804e+00	3.279384774911723088e+00
-2.801001589449974571e-01	-1.269182572986092383e+00	3.029913711189696102e+00
-4.207286563541668412e-01	-1.183252456534738872e+00	2.940108761284552674e+00
-3.751525463660247972e-01	-1.114648917395429484e+00	2.701029350595997691e+00
-3.481111021784355497e-01	-9.859125069182368417e-01	4.095987306516059689e+00
-3.216803286551843666e-01	-8.595986002047080188e-01	3.893419725997122161e+00
-3.519382487999944686e-01	-1.057944259667129794e+00	3.372868910077046589e+00
-4.698390535575768245e-01	-8.669003576012930257e-01	3.877489413791801454e+00
-3.510664952648717696e-01	-8.786694700837374139e-01	3.687773344211763504e+00
-3.275165999547070550e-01	-8.689167106352073677e-01	4.909253359719586207e+00
-4.676124223981315553e-01	-9.217823500689364957e-01	4.489409110283257398e+00
-4.425842619151350021e-01	-8.401374876894167620e-01	4.173538147940806908e+00
-5.341687479262806626e-01	-9.782956498413937219e-01	3.197270317814590701e+00
-4.325474175907740304e-01	-1.009561019734641629e+00	3.399857751398432271e+00
-4.286378794995802100e-01	-8.018632780703706109e-01	3.844913585222987429e+00
-4.973291230959516196e-01	-1.056781177170864838e+00	4.321228638458673110e+00
-3.712811975069045811e-01	-4.724339089601704011e-01	4.792157507286951557e+00
-4.510599415287221414e-01	-1.219217839070828591e+00	4.604074895755300822e+00
-5.594683045058675974e-01	-8.012706471386581430e-01	5.327848858835987578e+00
-5.332468173905647868e-01	-9.930898012529816299e-01	3.228914743435569168e+00
-4.717015903093197959e-01	-8.312093235945627878e-01	5.410350147381047137e+00
-4.158227789536386165e-01	-9.367872925587363842e-01	4.765232423596462930e+00
-4.108583510479891787e-01	-3.664794248402317156e-01	4.388353883377740239e+00
-4.978607640236855092e-01	-3.966181414444475140e-01	4.472781685611016300e+00
-6.116286093314551309e-01	-7.022546868390990848e-01	5.231556466602041766e+00
-4.604599874664408454e-01	-5.307775789072657346e-01	5.128190653309316005e+00
-4.549669835827740427e-01	-4.417836305558175969e-01	5.073120019842889405e+00
-5.978652631554258745e-01	-6.022182437487735296e-01	4.783383895204002201e+00
-5.650591165883552813e-01	-5.686230718584193156e-01	4.424601233074064943e+00
-5.407294859913139851e-01	-4.988965678847047114e-01	5.360188698059873857e+00
-4.816052687068206883e-01	-4.298917099876417014e-01	4.671938047945303651e+00
-4.839062125070452969e-01	-4.248176274626846438e-01	3.543959650202075373e+00
-5.699840971279469537e-01	-3.744502707160882737e-01	4.412077773891986965e+00
-4.098812838354828902e-01	-5.183151609724169218e-01	4.318116503365423853e+00
-4.445253717537837046e-01	-5.242180038885062565e-01	5.149950530357957135e+00
-4.934092838350934151e-01	-4.296732931691710777e-01	5.053266315742754422e+00
-6.072588079508136616e-01	-2.366900778119920001e-01	4.030019391522914773e+00
-4.461500189607489619e-01	-4.980266997436726406e-01	4.147115991731252116e+00
-5.523104874050214219e-01	-2.050189071502599436e-01	4.205856134822385073e+00
-4.976857708858460350e-01	-3.254691971111625670e-01	5.179343958501572587e+00
-5.792441326270190149e-01	-5.060882411296664385e-01	4.689776631384042105e+00
-5.062340230152162501e-01	-5.867297025287254719e-01	4.751359965403485930e+00
-5.460947102468404202e-01	1.299338622091897877e-01	5.005883988891415726e+00
-4.828366445103884352e-01	-1.922244991387871693e-01	5.246776755977723639e+00
-5.273896127329696926e-01	1.981634594458103749e-02	5.078937453528073576e+00
-5.002300742504424136e-01	-4.066185409918752769e-01	6.226330343365265918e+00
-4.797049717146696923e-01	-3.764554293514593697e-01	4.700802276188960072e+00
-5.001084509888844565e-01	-2.949363224647892912e-01	4.809991843175451365e+00
-4.810120231418836823e-01	-3.955196527607607315e-02	5.660089984283354525e+00
-6.114399166115982442e-01	7.290966587670004440e-02	4.707358016359689756e+00
-5.577610162046729991e-01	1.739298372066736542e-01	5.358120466725622144e+00
-6.180984337609769508e-01	-9.803914130961059736e-02	4.668039296075500388e+00
-5.756758156158106043e-01	-5.294679070138557514e-02	4.900531744273356693e+00
-5.653597803606480454e-01	-1.582951407527847798e-01	5.199090508643317676e+00
-4.740513740285446920e-01	2.690686638299020217e-01	4.970154358263887850e+00
-4.551349302800193342e-01	-8.300530225638072523e-02	5.426979333811726036e+00
-5.461490873391799949e-01	-6.041989925700957942e-03	5.041596692695462956e+00
-6.228427522589560228e-01	1.883307704445316699e-02	5.530508101966954193e+00
-5.134588207512825742e-01	1.838810801921725580e-01	6.239127237803686832e+00
-5.579208293115834882e-01	9.378705915207465049e-02	4.880795669200307607e+00
-4.590585413491540256e-01	3.866727696165837003e-01	5.154492372184822813e+00
-4.264605252802869950e-01	2.898220847975209735e-01	3.775623098532853383e+00
-5.741592178441053962e-01	5.591861289124555601e-01	4.430904641505544639e+00
-5.695115513649328109e-01	3.714635632957896672e-02	4.828240675188846254e+00
-5.380396603562258573e-01	1.350994282871517405e-01	5.849313538987067851e+00
-5.044784102617335675e-01	3.153159837570216339e-01	5.445528612833117954e+00
-5.120516178975201838e-01	2.153498973509823666e-01	5.175976980692018614e+00
-4.702533024508655513e-01	5.067193428933399746e-01	4.704447372517726933e+00
-4.771495548493067118e-01	7.212665088637808530e-01	5.242064935254473035e+00
-4.989945304230129497e-01	7.466646319627638917e-01	4.676544167131029717e+00
-5.170936251441275999e-01	3.967834356206119684e-01	4.909801725889992419e+00
-4.001367729465351575e-01	4.883025027633329795e-01	4.824708417780097847e+00
-5.111311111894432102e-01	1.364241445780963735e-01	4.138818544241862796e+00
-4.259289220606412019e-01	5.991921343721716697e-01	4.296213626548106568e+00
-5.398584622855578941e-01	8.450789048221096778e-01	4.398318731442256713e+00
-4.126609177596174405e-01	3.337494895181486454e-01	4.416043223525654149e+00
-4.142094346359331825e-01	7.587827857657056807e-01	4.982152895908455115e+00
-5.423452392851839665e-01	7.937690468792581999e-01	3.871322806136849426e+00
-4.648352578200157237e-01	5.951704521464137310e-01	4.074054978195131405e+00
-4.235581414623981189e-01	4.251694447458044257e-01	5.032947402928504843e+00
-5.381722245236539859e-01	8.974616107704339596e-01	4.697697187333957913e+00
-4.506215682852733329e-01	8.521245083581617807e-01	4.917688950591413644e+00
-4.586130128083327206e-01	1.068374687193534456e+00	4.489434344038033764e+00
-4.402296706921537961e-01	6.312624744449030212e-01	5.845687716610139084e+00
-4.133437264231737407e-01	8.387692594257825096e-01	4.668476246031080024e+00
-5.280698361478614045e-01	8.653932770111754103e-01	4.308367501896346319e+00
-4.163072867047300507e-01	1.106618016377563851e+00	3.910942529168675463e+00
-3.636513105675468482e-01	1.350164906462022252e+00	3.459028206354096913e+00
-4.723732143649430060e-01	9.192292373066545119e-01	4.506254174993481243e+00
-4.494129348859006723e-01	8.291980539885361878e-01	3.940105796908443647e+00
-4.969043995173589856e-01	1.119912193971248415e+00	3.807911290316690511e+00
-3.289473296464525687e-01	1.046637359467397443e+00	3.621865105470056356e+00
-4.310908623218235314e-01	8.194326258257472739e-01	4.420159536378652554e+00
-4.761122521511825800e-01	9.178420518179147836e-01	3.886238295631913253e+00
-3.035119304713876365e-01	1.242330204691916906e+00	3.818071342355161768e+00
-4.420823520832957154e-01	1.004368617432361610e+00	4.258153276049737812e+00
-4.903015475644817434e-01	1.077912956858482207e+00	3.011843238881533491e+00
-4.750945900464967897e-01	8.954711505276867767e-01	3.499539602332980781e+00
-3.710927040776773600e-01	1.180448282817201155e+00	3.630722431575386100e+00
-5.247758822073065321e-01	8.483716840404422754e-01	3.149752258641093761e+00
-4.216432226753022428e-01	1.424052055679083661e+00	3.210656066607177728e+00
-3.883401043129285357e-01	1.150218511186012593e+00	3.654882039458621890e+00
-4.069236927852901697e-01	1.328910594387571642e+00	3.635050646536636343e+00
-3.133017928775109762e-01	1.286403419929314618e+00	3.294773939821677988e+00
-3.389164165576721843e-01	1.355830552614355700e+00	2.795722708184798400e+00
-3.108015339217063411e-01	1.209007063201980037e+00	3.175311869799010367e+00
-3.439286914022374186e-01	1.277808298529330200e+00	4.090368151060649993e+00
-4.055320306927044927e-01	1.235541115839090320e+00	3.227831566322803880e+00
-3.644950726867627888e-01	1.094479727452489781e+00	3.441198815266491629e+00
-2.251656939790823708e-01	1.100899862605225987e+00	3.884641785734095798e+00
-2.376475513936414652e-01	1.426886271775173132e+00	3.152746119839278993e+00
-3.907565602213096678e-01	1.381318968874334807e+00	2.394447762216400211e+00
-3.187929127174182753e-01	1.289713324031096064e+00	3.924645727899226166e+00
-3.750104405160731846e-01	1.449420085217560272e+00	2.265820737695361409e+00
-3.167257250559941673e-01	1.324605714201722462e+00	3.369588451904552251e+00
-3.212443107406617870e-01	1.222899518546046727e+00	3.330880046445108267e+00
-3.045881423045790903e-01	1.362476303863745075e+00	2.942042329425746061e+00
-1.787791747901654182e-01	1.434611594761102893e+00	3.440331470017867321e+00
-2.115690718781223500e-01	1.359071700779268310e+00	2.722811340649043732e+00
-3.388922624391562666e-01	1.431341091938052701e+00	3.235598914689679972e+00
-1.954691718082896545e-01	1.554256627476699792e+00	2.066548234794187255e+00
-2.275855445774301877e-01	1.521767697791052809e+00	2.554021032061324359e+00
-2.189992035161995310e-01	1.218584155057712559e+00	2.528124379860280158e+00
-2.999743584486289083e-01	1.316555815945638308e+00	1.742777551268896108e+00
-1.522059365862707681e-01	1.526473854885791459e+00	2.727471489319067022e+00
-1.397803580018338598e-01	1.369475303335654814e+00	2.342843215962618242e+00
-1.988631786429607695e-01	1.406799070901444848e+00	1.426182715622467567e+00
-1.923650571093408757e-01	1.402148999485237413e+00	2.293009763136233836e+00
-2.293063831872091396e-01	1.290323492800803384e+00	2.259072416057294586e+00
-1.955217487535756415e-01	1.493748924304111991e+00	1.924757998637084633e+00
-1.740030807816756730e-01	1.390465382402316541e+00	2.052197556099852438e+00
-1.759071882445806811e-01	1.512945401966693248e+00	1.341857562474048526e+00
-1.866048700965319551e-01	1.872796596963305138e+00	1.895783478337253580e+00
-1.481578653459834916e-01	1.659743623266605406e+00	1.383749976369927470e+00
-4.374790777995096747e-02	1.538285019402919174e+00	2.218495600397323742e+00
-2.157515963150716809e-01	1.706826055694183886e+00	1.547516337677367959e+00
-8.370336383841894823e-02	1.436158719362604197e+00	9.162922369998725003e-01
-7.174193531647106437e-02	1.733426135725401718e+00	1.632257093627029310e+00
-1.674886837314493726e-01	1.502199384789569159e+00	1.697095691620113200e+00
-1.578328289264295803e-01	1.494028845254263382e+00	9.910259609717056994e-01
-1.064979675664668307e-01	1.514975993514384056e+00	1.144168104135322661e+00
-6.167523239020756415e-02	1.648994447679897668e+00	4.943454198377959519e-01
-1.645242538357476469e-01	1.666272257581747906e+00	1.493201797273937981e+00
-1.341522402500786582e-01	1.586412011276835621e+00	4.687520614134403352e-01
-4.488492811646206671e-02	1.655800297208025462e+00	-1.368170755325065269e+00
-5.416229971342459426e-02	1.734741787437396043e+00	6.821142743536807718e-01
-8.625652302602548893e-02	1.762369243522207141e+00	1.134184596450479532e+00
-1.106235006161917500e-01	1.587377092671808709e+00	6.853208042828763391e-01
-2.246281874931640304e-02	1.594714295274258786e+00	1.242857164526573799e+00
-1.665794587853292388e-02	1.368352061496801442e+00	2.691785509775815877e-01
-4.662388901828164178e-02	1.538374654173539469e+00	4.796770656235319619e-01
-8.571637640432810956e-02	1.450452874053829389e+00	-4.954935814566964192e-01
4.272355394105481485e-02	1.875070538439327361e+00	1.160683303536307998e+00
5.483825090243548209e-04	1.976948834159957702e+00	2.422049584049539295e-01
-5.403015034130025096e-02	1.443795422393608696e+00	6.235378651284528839e-02
-3.174387533579985099e-02	1.555108081029603850e+00	-5.304914976741320620e-03
4.917807183799927095e-02	1.923620474944425451e+00	1.006201813458518224e+00
1.268179406553823427e-02	1.511908630265044851e+00	-4.895351352977061477e-01
9.340016714879979809e-02	1.637003874277699111e+00	-7.409822035886186598e-01
6.166787786072184391e-02	1.645813929142961207e+00	-1.159176654130755324e+00
-2.193364123655377335e-02	1.750455439541685365e+00	5.900750796871028214e-01
5.336002103233020155e-02	1.673522288895572085e+00	-1.082229992137262897e+00
1.221155591598464263e-01	1.545371664045753324e+00	-7.244328254873980688e-01
1.084576068496550388e-01	1.542541523261674374e+00	-1.257555650220934851e+00
1.309732649153955431e-01	1.333522459522842318e+00	-7.998191169409961665e-01
8.744114622632226386e-02	1.603728036228783793e+00	-3.304129206042919487e-01
6.426441713547165202e-02	1.737665359844696056e+00	-1.876791466253513230e+00
1.002758446445911750e-01	1.497327674007188580e+00	-1.538846324831498302e+00
8.694593618057708251e-02	1.377458438573864852e+00	-5.273984988516791095e-01
2.211794083936946542e-02	1.609189228013547579e+00	-1.195964672234901327e+00
1.504984146323195826e-01	1.540270057360870748e+00	-1.901794445458871774e+00
1.423336745958390104e-01	1.739516611548324487e+00	-1.378311040900586759e+00
2.019143509563250949e-01	1.525159913002018808e+00	-9.436868775133794296e-01
1.818016803626856803e-01	1.264367548701663901e+00	-1.997329321484445863e+00
1.568339020290344665e-01	1.373152341026459444e+00	-1.049276604817101388e+00
1.434829503777719506e-01	1.608986130772728451e+00	-1.529051143791145373e+00
2.109279340878628117e-01	1.495862134920572073e+00	-1.498021236383191290e+00
1.705856103242773814e-01	1.532171709467301524e+00	-2.200747986625626318e+00
1.222473742254958778e-01	1.222473965901604842e+00	-1.525980339237896999e+00
2.298145423478194227e-01	1.887801631927953583e+00	-1.579750360212453408e+00
1.579979151627395328e-01	1.582158808063350408e+00	-2.788133896087466201e+00
1.233806624892716253e-01	1.526347697560708871e+00	-2.805463820814217968e+00
2.040255047972872327e-01	1.504804819199129451e+00	-1.980582914543427719e+00
2.939993668839076535e-01	1.585918723943180675e+00	-1.369003467500348847e+00
2.289752521113458117e-01	1.356482338014015410e+00	-2.219820000910214919e+00
2.259150979295490025e-01	1.438142976869166700e+00	-3.093277231948175832e+00
2.216520615268477434e-01	1.091276709532765121e+00	-2.854456563155304050e+00
3.046016108272552314e-01	1.696496511931481432e+00	-2.372297055554990486e+00
2.404576142469327660e-01	1.199358410796004026e+00	-2.369514061505970659e+00
2.670435163415128543e-01	1.479189252566503354e+00	-1.968453063862360075e+00
2.581122151511444640e-01	1.477624620361503993e+00	-3.174447641009519039e+00
2.503823238031227527e-01	1.684216864757070553e+00	-2.336929968874861263e+00
2.223200170864925718e-01	1.208559192953287731e+00	-2.822384612832065987e+00
3.648028251267209088e-01	1.132752412091116545e+00	-2.649888115250763398e+00
3.245812051939557241e-01	1.360655132618154850e+00	-3.060366931042401983e+00
3.434450431883139809e-01	1.273728097008917981e+00	-3.444148358275159083e+00
3.581291207953395950e-01	1.190656878257987161e+00	-3.921288753915054937e+00
3.807412982297622706e-01	1.262403305919304719e+00	-3.581623886235047127e+00
3.051020626929833446e-01	1.053430620360334302e+00	-3.162756022628481212e+00
3.236267956474181973e-01	1.063386230765588580e+00	-3.239162594965409703e+00
2.722569405249344321e-01	1.415548354811247078e+00	-3.506385343852126635e+00
3.479114947197547436e-01	1.114001840853181102e+00	-3.593756353271869486e+00
4.562976361152089044e-01	1.235725927605936914e+00	-2.977662981622128058e+00
3.468887694492511220e-01	1.034398308441960346e+00	-2.722489753593233530e+00
4.056909033376734919e-01	9.244504683191008265e-01	-2.620776254685731388e+00
3.964951894016747747e-01	8.632630264580878343e-01	-4.238254869295654537e+00
4.016240667635074257e-01	8.086520066504565563e-01	-3.505275350672853563e+00
4.352467362781377025e-01	1.145827264433680437e+00	-4.399337535197791027e+00
4.197307512156504550e-01	1.117804705050437830e+00	-3.751102296551464210e+00
3.658045378955924187e-01	1.150778822046072847e+00	-3.916834140386439955e+00
3.647181135404307106e-01	1.138833008338294039e+00	-3.520929265017815890e+00
4.274398401444556850e-01	1.208350560666877849e+00	-3.315201731470176494e+00
3.924949022603619886e-01	1.104605803880879478e+00	-3.886971620994941645e+00
4.284084638552109192e-01	8.270878252739812808e-01	-3.895511899938166600e+00
4.948447755336525256e-01	1.261196325044988686e+00	-3.726886276941331566e+00
3.184140999972971398e-01	1.129176248380189040e+00	-3.835771671063934907e+00
3.437244473852190119e-01	8.097268434949479454e-01	-4.007316230789547795e+00
4.386078281766551679e-01	7.894601261501192901e-01	-4.070047731923069456e+00
3.961323785525945884e-01	8.383466726817059289e-01	-3.303703096585788757e+00
4.770491757666283639e-01	1.058054872068235674e+00	-4.463743256640745116e+00
4.513001633730984175e-01	9.454928517936336263e-01	-3.802700351696561842e+00
4.237710092947075124e-01	1.090353067441532708e+00	-3.740225320398769870e+00
5.723751492342288305e-01	5.036870987845070147e-01	-4.158010931372558616e+00
4.454112575450975831e-01	7.961920306264876901e-01	-4.907914088959810073e+00
5.112950772995207283e-01	8.982674084266313308e-01	-5.522450939950193316e+00
5.199501169124599587e-01	6.937374945584133812e-01	-4.403663917363063618e+00
4.839754240904735605e-01	9.415540123176254772e-01	-4.525496751734626066e+00
4.548362643443857323e-01	5.320416555429835492e-01	-4.615319219362657321e+00
4.412006748796326594e-01	1.080509819549449357e+00	-4.761195880080018483e+00
4.941113164725555174e-01	5.305474914419575638e-01	-5.065772672278775701e+00
5.258232426451839858e-01	5.533273178380168078e-01	-4.686146724240174422e+00
4.561032143639144887e-01	6.585863625325044657e-01	-4.389580630715656184e+00
5.223699460024960883e-01	5.000253378370949076e-01	-5.138192744149749025e+00
5.010135021599824157e-01	5.545306240232804607e-01	-5.348654242866238917e+00
5.310528378071228683e-01	1.599152752164693658e-01	-5.080564182651045257e+00
4.884710402604603430e-01	5.592865636909064575e-01	-4.998966823684250826e+00
4.449132639009683032e-01	4.351049261343294949e-01	-3.767442508212376140e+00
4.507288840763178372e-01	5.459000921859594735e-01	-4.134421439878177118e+00
4.282904767082029163e-01	4.825730963160422271e-01	-4.657894698926746457e+00
5.220558550788888530e-01	4.425596328669223478e-01	-4.923775443770302296e+00
5.714977371576283049e-01	3.340526900013356948e-01	-4.859067267427905179e+00
4.934516744952825995e-01	3.138802744487509955e-01	-4.481781727857402586e+00
4.828051675825140165e-01	4.601440959974635314e-01	-4.532021963554795363e+00
4.587362806692029116e-01	3.355897298380678961e-01	-5.280233859978808120e+00
5.050430039708869723e-01	2.765905846834008086e-01	-4.622518529687610567e+00
4.987561774485029242e-01	3.549646137007473889e-01	-4.398634706202687816e+00
5.529551862173953669e-01	2.300871610083145002e-01	-4.726312560957941500e+00
3.831429042156766496e-01	1.889644927355145776e-01	-4.726511273409959024e+00
5.193165305511742158e-01	2.141820710353826984e-01	-4.281884189244713923e+00
5.119346992330683355e-01	1.274809379621295591e-01	-5.231229441981547268e+00
5.247687503511428986e-01	-1.074822117727435855e-01	-4.988016780688385943e+00
5.664623774735790818e-01	1.375085705057411956e-01	-4.581471396960679954e+00
4.440581485625880731e-01	6.103934779007960665e-02	-5.273057478188792224e+00
5.514262297513139455e-01	-8.296953959035723025e-02	-5.257367533551805749e+00
5.404627899908699407e-01	2.011656561074532945e-01	-4.615194271178041596e+00
5.448546510969716206e-01	-2.262590315550870312e-01	-5.069686622480364058e+00
5.467669671527306541e-01	-1.793032598220362928e-01	-5.080253717243747857e+00
4.997468195043634487e-01	2.461904318418837306e-02	-4.657844917752830938e+00
5.383995690922266375e-01	-1.974644089078625431e-01	-4.907733659775035839e+00
4.922750816562498355e-01	-1.384271832133432134e-01	-5.345783607634277956e+00
5.112444781474071442e-01	-4.204898279935550542e-01	-4.706162691234522022e+00
5.534808685398326933e-01	-4.359740841862265459e-02	-4.414473499556297753e+00
3.975708248347472606e-01	-3.002978602207883041e-01	-4.528831462006408515e+00
5.498662875982043285e-01	-8.275818577267021747e-02	-5.232511642353633086e+00
4.389185654880611853e-01	-4.073935433886274882e-01	-5.216187398052547053e+00
4.584038078011021256e-01	-4.649473111505000866e-01	-4.557759894755545105e+00
4.223379834726870286e-01	-3.475732379150371365e-01	-4.526256058687971873e+00
4.367071555421700446e-01	-3.480562448952272958e-01	-5.106864653816778343e+00
5.729619339134089939e-01	-4.552204007121241069e-01	-5.191906211356186240e+00
5.692755084723131187e-01	-4.133743475160206460e-01	-5.002137501575119494e+00
5.655782943144781472e-01	-3.716671602041761724e-01	-5.277366878528654048e+00
5.372371804286097952e-01	-3.754114920941412636e-01	-4.479325984579469733e+00
5.023791461208594322e-01	-4.095137574040912942e-01	-4.447235042855058218e+00
5.019339389021325593e-01	-6.016725260270259223e-01	-4.523210683192002257e+00
6.151684474952836545e-01	-5.065195161918834010e-01	-5.129116605316037969e+00
5.134575676199586436e-01	-3.718650909728589138e-01	-4.715402055256281422e+00
5.270952835069969700e-01	-6.314283289012454503e-01	-5.361734355736059499e+00
4.174794893105122084e-01	-6.440716950728810897e-01	-3.843596411595870066e+00
4.728649337058468682e-01	-5.751376933175973427e-01	-5.887837589721018894e+00
4.083276450647532196e-01	-5.217122940880263293e-01	-4.479898016454987975e+00
4.918124946161812616e-01	-7.653057955091169262e-01	-4.809695152071062019e+00
5.393816092315237842e-01	-7.838197121505597886e-01	-4.529891258083785566e+00
4.823080093158126358e-01	-1.688684420723143842e-01	-4.818682548477017491e+00
5.346248835533317090e-01	-5.071162724177672443e-01	-5.430944873880125812e+00
5.126089211086354291e-01	-7.626975339702912748e-01	-4.130938622224835655e+00
4.393571478745181280e-01	-6.333567160813193819e-01	-4.182362539024563119e+00
5.192431684341348719e-01	-7.526397726323179604e-01	-4.057830727638972235e+00
4.674945678142936600e-01	-3.733107599982938285e-01	-4.117764244871165324e+00
3.551676125502939430e-01	-9.110604150447367822e-01	-4.764022526297224225e+00
4.960159793168438802e-01	-6.538571352057759301e-01	-3.717628083886339141e+00
4.705217568848391596e-01	-7.797972727165002338e-01	-3.685923299850787149e+00
5.605797170212172276e-01	-7.474786239554815914e-01	-4.144610587077309560e+00
3.543767291802468744e-01	-6.553526265528386574e-01	-3.647095222324122865e+00
4.756588104654813631e-01	-8.172039219176779890e-01	-4.711365601991596819e+00
4.455107596203948805e-01	-8.920672658272821298e-01	-3.716548898369037790e+00
4.114398437203293235e-01	-1.068349667978506723e+00	-4.810452395984008866e+00
4.551475218365957920e-01	-1.077926846624246204e+00	-3.987949044544750965e+00
3.519229504824148980e-01	-9.344200024577191677e-01	-3.795585394023898829e+00
4.441102794571832324e-01	-8.271307161073607750e-01	-3.405801853150473235e+00
4.580794657466956132e-01	-1.340455417939507843e+00	-3.675589210891931913e+00
3.733422597610783211e-01	-8.495933014865543198e-01	-3.936057613188884918e+00
4.353819740745941691e-01	-1.036272950667679105e+00	-4.272679175379717975e+00
4.701618571289091220e-01	-9.678583753883284180e-01	-3.619540738109693123e+00
3.332099085029981977e-01	-9.622812547172010511e-01	-3.718573373519461267e+00
2.936837999819576495e-01	-1.204027171153803977e+00	-3.683698205721073649e+00
4.184496618521162947e-01	-9.742338490698574383e-01	-2.958092916834869968e+00
3.048719565072310900e-01	-9.330617104259326666e-01	-3.618925932146900504e+00
3.304994315323903642e-01	-1.178610872363321072e+00	-4.048137789504371753e+00
3.387239456432433737e-01	-1.027172917193626134e+00	-3.279292965959284878e+00
3.740693604657266969e-01	-1.168877461547221719e+00	-2.919925243405400828e+00
4.154391192008587974e-01	-1.273873944411532122e+00	-2.527680443671413535e+00
2.860551400849634662e-01	-1.110440280744477315e+00	-3.175323495046994626e+00
3.577487437717288832e-01	-1.164298237082753928e+00	-3.256705426942726689e+00
3.615782209619636811e-01	-1.213352433465319180e+00	-4.419957134277245459e+00
2.654223764888987702e-01	-9.896396175231131354e-01	-2.139925232476683981e+00
2.380021550799716334e-01	-1.172637716762384263e+00	-3.300150406630133926e+00
3.362313522842846902e-01	-1.288366494964349185e+00	-3.171748372121550474e+00
3.971346774791065237e-01	-1.095788739690304103e+00	-2.734960481798598408e+00
2.518849862619909064e-01	-1.153900149010691711e+00	-2.575980658794828848e+00
3.155982448617403735e-01	-1.359377243594520612e+00	-2.597622730555828596e+00
2.264695563826928937e-01	-1.572126173651894776e+00	-3.421291483670419797e+00
2.340789883826998319e-01	-1.336785918377707105e+00	-3.156364486836896077e+00
2.495582237394383396e-01	-1.359542612487166791e+00	-3.140768521842720595e+00
3.284490824814811361e-01	-1.503243732309520020e+00	-2.353963240309982830e+00
2.700890881601988314e-01	-1.261180072373954353e+00	-2.512469786563132690e+00
2.206426871365261277e-01	-1.353774529886697442e+00	-2.156351511043793412e+00
1.923308464865535194e-01	-1.253977734592210069e+00	-1.700187021407381094e+00
2.705779684110662942e-01	-1.424783820076931828e+00	-2.183619388612809686e+00
3.058671240258843405e-01	-1.379301507512201486e+00	-1.682199308862679210e+00
2.094765866631883577e-01	-1.488327687629783735e+00	-2.101285927531906683e+00
1.616262556303466047e-01	-1.285344555301461078e+00	-2.680187050096363599e+00
1.804823254852690184e-01	-1.532600089333258087e+00	-2.099988281011221591e+00
1.716571529481636937e-01	-1.367676345010226058e+00	-2.870245304810339793e+00
1.838550970118772721e-01	-1.633238028445028522e+00	-2.367269793863155058e+00
1.989577755927489366e-01	-1.545664813311437236e+00	-1.557613558401152787e+00
2.430813425213571022e-01	-1.531043015061223977e+00	-1.711190375102579431e+00
1.403989765946931367e-01	-1.592498451832651485e+00	-1.227860967346048549e+00
1.732878516693077964e-01	-1.603682730786384791e+00	-1.967809306847366546e+00
1.458754071305488342e-01	-1.795984140718187350e+00	-1.315148598614459763e+00
1.361145589902219566e-01	-1.771939956881898093e+00	-1.570688937230666493e+00
1.452114352731867786e-01	-1.737396952781120607e+00	-2.276382242917808885e+00
1.175086974530320794e-01	-1.481886299519303840e+00	-1.077471049318984742e+00
1.020546129223541681e-01	-1.792035739423519125e+00	-1.283158942645199696e+00
1.843539300493235444e-01	-1.839663051100507651e+00	-4.867756220772272435e-01
2.880392512878438005e-02	-1.715951864131807669e+00	-6.308844511750348882e-01
-5.118472611753445423e-02	-1.735655476669647479e+00	-1.843036365977665625e+00
1.369146618982221564e-01	-1.628233925066961296e+00	-1.745500518025265624e+00
1.710983231989612330e-01	-1.787092467204506763e+00	-6.379355620828914830e-01
6.497398367910292571e-02	-1.671325178090273811e+00	-1.537639680386360785e+00
1.833361439355273292e-01	-1.739972046632030311e+00	-1.543956599743029123e+00
1.398677231356164619e-01	-1.750462668526459709e+00	-8.428442727725893313e-01
4.553711516811164567e-02	-1.329011159054850344e+00	-1.559721504201285192e-01
8.004189951538864811e-02	-1.722239608938712419e+00	2.014247842608396510e-02
-1.301130251049999881e-02	-1.431126996884741320e+00	-1.057009878294170035e-01
1.733356741980634705e-02	-1.689546955524051874e+00	1.742290812459907912e-01
5.636643514174997927e-02	-1.607783103783229972e+00	-1.726614627274095370e-01
8.885954326235800255e-03	-1.530139025766019900e+00	-4.966722506558582384e-01
-5.325119887617890332e-03	-1.692409816409781609e+00	-1.473978893059006978e-01
-5.526036745237952047e-02	-1.881319592823444742e+00	3.206456472317612688e-02
-1.794393663877713596e-02	-1.915623502143062318e+00	-8.736005044086020410e-02
-5.130894240309345766e-02	-1.887375692111159964e+00	-1.393901556170413780e-01
-2.943517146676115359e-02	-1.650006316913423143e+00	-8.787432906575615155e-02
1.740717908988779344e-02	-1.725622051762663478e+00	-2.911811032524875831e-01
-2.104334056522974283e-01	-1.520153075851997881e+00	5.592725698813599822e-02
-1.143197513641634189e-01	-1.646617242486108301e+00	5.064671808948160159e-01
-9.497088537984664514e-03	-1.700955621517731720e+00	1.533099514785720485e+00
-4.066200686351486432e-02	-1.456507884375717987e+00	9.296032488114358561e-01
-9.100781152135824226e-02	-1.433557240508860797e+00	9.506009070408332207e-01
-2.599148416625996633e-02	-1.744751063513260814e+00	6.671762892998376326e-01
-7.656091738075838926e-02	-1.720940111159581010e+00	1.393836365101232655e+00
-1.668711104423630798e-01	-1.405088883515456688e+00	1.293688472008354129e+00
-9.492237644423286158e-02	-1.756603097072312103e+00	1.010435160804532995e+00
-1.151966590171931704e-01	-1.557210892252135936e+00	8.843481233316636825e-01
-8.275088325925344934e-02	-1.571768920382741630e+00	7.927483638566104052e-01
-1.171244577957380184e-01	-1.420014387665793132e+00	1.899404888460206386e+00
-1.557339496823941238e-01	-1.569401084953573999e+00	1.801060732537334896e+00
-1.614523408614665645e-01	-1.522431973911144709e+00	8.697979433455910181e-01
-2.217512192681093397e-01	-1.773453655252933636e+00	1.446487221815257795e+00
-1.363502909563237830e-01	-1.373764779423071847e+00	2.073282908777908329e+00
-2.546648867636001068e-01	-1.388842415191142265e+00	1.686292026941657474e+00
-1.386053427694815543e-01	-1.923975040771768841e+00	1.228856960481413685e+00
-1.990485737513520148e-01	-1.327023354914431685e+00	2.227775410785656440e+00
-2.019224643880886960e-01	-1.738804967125739953e+00	1.688273990871711039e+00
-1.884391386725361162e-01	-1.553201757092699919e+00	1.081041037194184540e+00
-1.629155954538218376e-01	-1.483419276431893863e+00	1.768399811024089718e+00
-2.111511618346482155e-01	-1.512451994427818525e+00	2.117992160184050121e+00
-2.658331672693768355e-01	-1.558579929894795990e+00	1.546408131004303410e+00
-2.028180797150972714e-01	-1.470918092275438349e+00	3.055541197093556427e+00
-3.760701730156718048e-01	-1.622262191300275047e+00	2.159495971490825283e+00
-1.219575563320131617e-01	-1.650891009634467332e+00	1.343800102229565585e+00
-2.774019550152073688e-01	-1.615786775276205400e+00	2.497079046026764892e+00
-3.480746162985738357e-01	-1.434339576995423693e+00	1.986996264336128970e+00
-1.046629282853080434e-01	-1.194307770929643464e+00	3.046232450960744575e+00
-3.268156037025041760e-01	-1.390363753794845669e+00	2.653438190880362590e+00
-2.280850667355061590e-01	-1.489444274571545046e+00	1.942210515398889559e+00
-3.121234744536970918e-01	-1.280299175141828005e+00	2.949337643892522287e+00
-3.371812329904838590e-01	-1.258250881904537044e+00	3.272268593484186194e+00
-3.011494029754237522e-01	-1.596634526734026061e+00	2.784302177764367947e+00
-3.278589452527886361e-01	-1.188060368689136670e+00	2.337960306547828715e+00
-2.649672079312238027e-01	-1.417475340238200765e+00	2.244404597120204681e+00
-3.475141032488411330e-01	-1.342349200783353735e+00	3.006466544522895745e+00
-3.155263607584139485e-01	-1.245671983020622209e+00	3.385755324002709177e+00
-2.454492685542002672e-01	-1.263818296034054933e+00	3.333424716882541272e+00
-3.655491794688650598e-01	-1.001553701546310515e+00	3.779448227770628499e+00
-2.876606001786678468e-01	-1.040156315751930904e+00	3.148569640509866652e+00
-3.228206235147379477e-01	-1.157423820004529036e+00	2.978549669449755743e+00
-3.264947959522681020e-01	-1.281699853358428731e+00	3.071017425062246176e+00
-3.085751265958835976e-01	-1.400411680914160240e+00	4.128151489205640345e+00
-3.564535399297391605e-01	-1.161018650290023491e+00	4.751178552856175408e+00
-4.478800776474112233e-01	-1.195837581631248758e+00	2.910520576960498929e+00
-3.972037712903562778e-01	-1.202532933661937475e+00	2.939078635748836987e+00
-3.983761166083597538e-01	-1.049434938064225609e+00	3.609871029923731989e+00
-3.110194919488208365e-01	-9.852651785100403625e-01	3.670759664066159278e+00
-4.690389328822218706e-01	-8.705320183729248207e-01	3.436570815188576766e+00
-4.650482742074367737e-01	-1.097301554128167211e+00	4.355633589456979315e+00
-3.211660152868772711e-01	-1.122125804635686563e+00	3.507264705251877057e+00
-5.226880983627947286e-01	-9.761388053030577439e-01	4.470625014010661147e+00
-4.198132118782457733e-01	-1.004752542672890048e+00	3.818817737549863534e+00
